0,0
0,0
0,0
0,0
0,0
0,0
0,0
0,0
0,0
0,0
0,0
0,0
0,0
0,0
0,0
0,0
0,0
0,0
0,0
0,0
0,0
0,0
0,0
0,0
0,0
0,0
0,0
0,0
0,0
0,0
0,0
0,0
0,0
0,0
0,0
0,0
0,0
0,0
0,0
0,0
0,0
0,0
0,0
0,0
0,0
0,0
0,0
0,0
0,0
0,0
0,0
0,0
0,0
0,0
0,0
0,0
0,0
0,0
0,0
0,0
0,0
0,0
0,0
0,0
0,0
0,0
0,0
0,0
0,0
0,0
0,0
44.48610590315624,647.9098552833922
48.636466742783966,646.1068003877834
53.43768637815234,644.0209907671384
58.21335095619655,641.9462831140081
62.72026437660389,639.9883299092745
67.53365197475377,637.8972341205804
72.63226596034738,635.6822264952751
77.10555048267409,633.6953066783312
81.59834005786843,631.0321981996464
85.06565313101153,629.262938496205
89.24972738077545,627.4160868486683
94.00730577684207,625.291212400421
98.16799139709126,623.4200751063837
102.62710998183738,621.4148614952556
107.09229421010967,619.4069202349907
111.55261995356545,617.4011637786728
115.99757152916177,615.4023209062985
120.4582358633964,613.396412189657
124.64985673702348,611.5114891788096
128.512530661417,609.7744897738062
132.68419069675522,607.8985429190905
136.83699632678795,606.0310746705005
141.00772075044094,604.1672724589515
145.19448802881112,602.3019389927504
149.3727099124791,600.4404127624568
153.2563578118584,598.71012829332
157.13726987762897,596.9810627221178
161.01185986394452,595.2548138315666
164.59418007445544,593.6587801064926
168.4702431556142,591.928953632172
172.04996619388885,590.2865960758664
176.20962113786013,588.3781688998502
180.03729167666833,586.6220543722051
183.89238549566014,584.853358192028
187.44916340197506,583.2334573540993
191.33473626540592,581.4665485009746
195.1836011501495,579.7163320777186
199.03260026664896,577.9660546144856
202.8942012975105,576.2100466103942
206.75326770985276,574.4425930644916
210.62597306432883,572.6659643014275
214.4625285444212,570.9059195282963
218.0173142386648,569.2751384765897
222.16568045800932,567.372048499323
225.7314739039481,565.73621756995
229.292991730902,564.102348108588
233.46172393189113,562.1899151048149
237.3323015922775,560.4142624352495
241.18596068757694,558.6463712674282
243.08015556657986,557.7773970499615
243.08015556657986,557.7773970499615
243.08015556657986,557.7773970499615
243.08015556657986,557.7773970499615
243.08015556657986,557.7773970499615
243.08015556657986,557.7773970499615
243.08015556657986,557.7773970499615
243.08015556657986,557.7773970499615
243.08015556657986,557.7773970499615
243.08015556657986,557.7773970499615
243.08015556657986,557.7773970499615
243.08015556657986,557.7773970499615
243.08015556657986,557.7773970499615
243.08015556657986,557.7773970499615
243.08015556657986,557.7773970499615
243.08015556657986,557.7773970499615
243.08015556657986,557.7773970499615
243.08015556657986,557.7773970499615
243.08015556657986,557.7773970499615
243.08015556657986,557.7773970499615
243.08015556657986,557.7773970499615
243.08015556657986,557.7773970499615
243.08015556657986,557.7773970499615
243.08015556657986,557.7773970499615
243.08015556657986,557.7773970499615
243.08015556657986,557.7773970499615
243.08015556657986,557.7773970499615
243.08015556657986,557.7773970499615
243.08015556657986,557.7773970499615
243.08015556657986,557.7773970499615
243.08015556657986,557.7773970499615
243.08015556657986,557.7773970499615
243.08015556657986,557.7773970499615
243.08015556657986,557.7773970499615
243.08015556657986,557.7773970499615
243.08015556657986,557.7773970499615
243.08015556657986,557.7773970499615
243.08015556657986,557.7773970499615
243.08015556657986,557.7773970499615
243.08015556657986,557.7773970499615
243.08015556657986,557.7773970499615
243.08015556657986,557.7773970499615
243.08015556657986,557.7773970499615
243.08015556657986,557.7773970499615
243.08015556657986,557.7773970499615
243.08015556657986,557.7773970499615
243.30056555955417,557.6762825325009
245.599849868252,556.7496723026957
248.71883313630912,555.8133814061875
252.2219869180598,556.0066901146786
253.19456434520336,556.5016574346625
253.90354837636644,558.3013007010629
253.73212947627056,557.8644589879153
253.73212947627056,557.8644589879153
253.73212947627056,557.8644589879153
253.73212947627056,557.8644589879153
253.73212947627056,557.8644589879153
253.73212947627056,557.8644589879153
253.73212947627056,557.8644589879153
253.73212947627056,557.8644589879153
253.73212947627056,557.8644589879153
253.73212947627056,557.8644589879153
253.73212947627056,557.8644589879153
253.73212947627056,557.8644589879153
253.73212947627056,557.8644589879153
253.73212947627056,557.8644589879153
253.73212947627056,557.8644589879153
253.73212947627056,557.8644589879153
253.73212947627056,557.8644589879153
253.73212947627056,557.8644589879153
253.73212947627056,557.8644589879153
253.73212947627056,557.8644589879153
253.73212947627056,557.8644589879153
253.73212947627056,557.8644589879153
253.73212947627056,557.8644589879153
253.73212947627056,557.8644589879153
253.73212947627056,557.8644589879153
253.73212947627056,557.8644589879153
253.73212947627056,557.8644589879153
253.73212947627056,557.8644589879153
253.73212947627056,557.8644589879153
253.73212947627056,557.8644589879153
253.73212947627056,557.8644589879153
253.73212947627056,557.8644589879153
253.73212947627056,557.8644589879153
253.73212947627056,557.8644589879153
253.73212947627056,557.8644589879153
253.73212947627056,557.8644589879153
253.73212947627056,557.8644589879153
253.73212947627056,557.8644589879153
253.64230073766225,557.6355405895264
253.99234179062947,558.4928028751801
255.08296380258577,561.189846956512
256.31063563508116,564.225807182283
257.52694386128866,567.2336658781514
257.8637605617926,568.0204518125253
259.1464343502743,571.0262664682574
260.4263470529553,574.0436889814805
261.7077172337334,577.0645475315627
262.9834142096444,580.0720313756574
264.2706860230603,583.0840706070284
265.5638050263593,586.0727195273395
266.9927760095754,589.3753487325785
268.1632922020705,592.0806387685168
269.46186196878176,595.0818854606844
270.7557658863264,598.0723484701141
272.05548365586446,601.0762484195615
273.34837829850676,604.0643787988623
274.64923776095145,607.0709174221392
275.95399028934304,610.0864536761906
277.12007247328177,612.7814958580251
278.45622901498103,615.600775150463
279.86391400827983,618.5663554259797
281.41562199477494,621.4301949168765
283.33126407927057,624.0413508958198
285.41795828426683,626.1164890391763
287.99774889248187,628.1066351161484
290.8415487450071,629.7089443713841
293.4889076845015,630.9725752655806
296.42851362801105,632.3757007849678
299.38374084557717,633.7862826126818
302.01664183123455,635.0430124717135
304.65026055893276,636.3000849216207
307.29706113511764,637.5634492992081
310.24287519136146,638.9695380597819
312.9007255222471,640.213671910382
315.55286646366983,641.451337683046
317.9228786139494,642.5655194059782
320.59472438334126,643.7903781988653
323.54878481922043,645.1864309131179
326.1890724021885,646.4553452440368
328.8583890829307,647.7382108726921
331.5049582339388,649.0101441064602
334.1585976339396,650.3332949203561
336.7756355474523,651.6464441635837
339.40956408930475,652.96806860532
342.04124532443234,654.2885654175673
344.3740245666469,655.4590823904831
347.2897296983089,656.9220936702768
351.6480126235607,659.1089461784179
356.585389021635,661.5863700044864
361.5268041032453,664.0658203179058
366.4814280225579,666.5518984203776
371.44438284930203,669.0421567163164
376.1966851056872,671.188519229301
381.5331657554184,672.6104219149321
387.0558048398379,672.8033403267386
392.24186627242875,672.0498265486657
397.3797645684994,671.035360716068
402.83740555059256,669.9577624484743
408.2884193986455,668.8814726927789
413.4525424441425,667.8618288456064
418.5673050633025,666.851931097542
423.37782569679234,665.9021052079534
428.48747889422896,664.8932163030898
433.920777346312,663.8168269127846
439.0444759070426,662.7990705353754
443.85753396708196,661.8430188712535
448.9641033205303,660.828664989082
454.40236895042307,659.7484239364001
459.22136982839163,658.7911918084442
464.63151251747155,657.7165370138188
469.41462075351865,656.7664344944425
474.8665899983046,655.6567737465872
480.28237863217606,654.4950789036722
485.7278163546832,653.3270242864577
490.60866566791543,652.9015838998469
495.1444469323528,653.1541640827537
499.93604421518137,654.0526618509119
504.25577780873147,655.5440191493437
508.53384253380716,657.9692888290092
512.4376155220931,660.3388016357181
516.274008624808,662.843750651435
520.0995507958248,665.3416146187877
524.2129563031464,668.0274371611956
528.3330617824759,670.717634408655
532.1621393414564,673.2178067855901
536.1143804325374,676.0881999086874
539.8678915162353,678.6831770794165
543.9615685418787,679.46307323977
548.4730914270441,678.6680606773782
552.9458122383128,677.7400920528181
557.3283940258636,676.8302384085029
561.8062887866139,675.8994893733521
566.9215941960458,674.8362518859369
571.7202440876634,673.8388325638488
576.5048208437722,672.8443384014611
580.9907789333765,671.9119133698987
585.8076264535739,670.910711595085
590.9165989772566,669.8487904242908
595.0437888897198,668.9909368493074
600.1536919165426,667.9288222695686
604.9406293459842,666.9338374314182
610.0636095820657,665.8690046993889
614.8289774816512,664.8785031776573
619.6326483237126,663.8800402301536
624.1081152637789,662.9497958276215
628.2579901500386,662.0872270865608
632.734973068298,661.1566675816613
636.9071871334392,660.2894555494335
641.3821071989938,659.3593248170414
645.515669457899,658.500146723368
649.9868425207787,657.5707948210535
654.4822841190789,656.6363986027973
658.9403987082171,655.7097609585181
663.4116316588259,654.7803966082903
667.8877566402111,653.8500154291354
672.3620725578384,652.9200102714007
676.1992802173843,652.1224307127876
680.6678628349792,651.1936172452909
684.8289557096289,650.3287167987239
689.3170267658445,649.3958525782704
693.496485125167,648.5271347893913
697.9861358043875,647.5939422377315
702.4341438724417,646.6694052758601
706.5809720161516,645.8074698129001
711.0890569647764,644.9199428902741
715.1906199661516,643.8804272455654
717.9471894749086,640.5087270537684
717.4789239473671,635.9716477267568
716.5962242149618,631.4669534937331
715.6809457053871,627.0103547507895
714.694386230934,622.2066806038565
713.8396539661187,618.0448886497339
712.9854139761902,613.8854936399493
712.0663237477057,609.4103351891964
711.0806242447736,604.6108483447725
709.9852123319799,599.2766502409944
709.0035309829929,594.490839302922
708.0886189198089,590.0305364114821
707.2300486402082,585.8449062785918
706.3140867080974,581.3794851538282
705.4632500743423,577.2315574453721
704.5487390503913,572.7732096669121
703.7580518444238,568.9185174260771
702.8435359078466,564.4601456979917
701.9917582619091,560.3076304455235
701.0748350886795,555.8375231583246
700.1594786712411,551.3750539881286
699.3713121371908,547.5326503165378
698.4648266499912,543.4112651746851
697.4773465811626,538.9332420054184
696.5853801391393,534.8880915415419
695.3125746169314,530.495141325416
692.0065121404473,528.119843529894
687.9327539896233,528.5336964480726
683.4589782887534,529.4379608930232
678.9755524165239,530.3441758843201
674.8016676904879,531.1878246962939
670.6207613057863,532.0328927649986
666.1611678249981,532.9342906206903
661.9930825778201,533.7767672097184
657.8429573596773,534.6156136177153
653.6924700824426,535.4545332071111
649.8374939781937,536.233722433457
645.7065560671836,537.068690596143
641.8670182814952,537.8447593436143
637.4007704059086,538.7475022226199
633.2555586532872,539.5853554936182
629.0841269662673,540.4285084836929
624.6138233450138,541.3320711325863
620.444189148751,542.1748608038246
616.2849525502734,543.0155488547273
612.1123331573815,543.8589419105234
608.2615422686201,544.6372851978208
604.7274817568705,545.3516091784479
600.9066019371089,546.123906673999
596.731624911482,546.9677762676457
593.1981424617395,547.6819834071626
589.0327419061496,548.5239173513844
585.168391902125,548.8812699666336
581.9552404520924,546.8048608761144
580.0562106855253,543.3868514355019
578.4016933841677,539.9468226527064
576.8425277015963,536.7116251212279
575.0103024787292,532.9098415235055
573.4616694627134,529.6964987937471
571.6287759859484,525.8933285997285
570.0633379545677,522.6451162311414
568.4025186017752,519.2006395734622
566.691408812277,515.6582782432885
564.9997083596829,512.1560983701522
563.2076163860381,508.4417151110695
561.3724668920578,504.6330416325282
559.6670833575031,501.09368472449154
557.9529914869452,497.53625451589454
555.9745850003758,493.43026514560756
554.1315528367281,489.6052319563177
552.2856422684124,485.7742249193626
550.4439153802173,481.9519007017475
548.7455023321503,478.4270103573915
546.9109877505196,474.6196545774003
545.064535796727,470.78752394778195
543.3634813943803,467.2571517306819
541.5572178567802,463.410288516704
539.6708407525288,459.23763016510736
537.9161786901007,455.35632494118425
536.0309660596887,451.18624240090395
534.010735681213,446.717501160408
532.52,443.42
529.9671616030842,440.5949938156619
525.9085286632151,441.24654433207314
522.3463502489159,442.8596821571821
518.7899292482224,444.4702127289247
515.5026224737143,445.9588745206556
511.9336424801295,447.57509245112146
508.36789991926605,449.1923989939234
504.8195416282995,450.80688254124027
501.2523126996369,452.4299521251378
497.967950110273,453.92431907715894
494.3948700639277,455.5500508874884
490.8040484802408,457.18385499993434
486.92525393421147,458.9486852297139
483.6615186855795,460.43366685491475
479.8120526602421,462.18515276874825
476.55291696774265,463.66804162115335
472.9903482555557,465.29242491399174
469.4210614365765,466.9337948791097
465.5591627145072,468.6998100544476
461.97771632217825,470.3346245146276
458.4172352869489,471.96150184920606
454.87093044548413,473.58380029830016
451.0076648656119,475.35109612842297
447.4588232731848,476.9745550437871
443.5819859966158,478.74805940461647
440.01558175292814,480.37955255932997
436.1574456164761,482.14450186582405
432.5738914567073,483.7838404493724
429.3061513525838,485.27870621527546
425.4626153323759,487.0369765285644
421.89994201903016,488.6667629257435
418.0488499182443,490.4284898560891
414.7984610458234,491.9154180989818
410.9417559146231,493.67971277545837
407.0708464617009,495.4318334326927
403.4999969408477,497.036184580557
400.2155529614796,498.51492183931305
396.95146156608985,499.97942111610405
393.6813212295929,501.4454243481492
390.09296130736203,503.05408535422913
386.8069390898874,504.52720843021007
383.31848870118614,506.0919614348888
379.7458539053863,507.6948786892671
376.1448165963724,509.3105391656933
372.854619265668,510.7867365307013
369.5660203988384,512.262216720439
366.00225248892497,513.8611557108211
362.4436616882561,515.4577719119426
358.8583688179093,517.0663684051065
356.790681101768,517.9940681299049
356.790681101768,517.9940681299049
356.790681101768,517.9940681299049
356.790681101768,517.9940681299049
356.790681101768,517.9940681299049
356.790681101768,517.9940681299049
356.790681101768,517.9940681299049
356.790681101768,517.9940681299049
356.790681101768,517.9940681299049
356.790681101768,517.9940681299049
356.790681101768,517.9940681299049
356.790681101768,517.9940681299049
356.790681101768,517.9940681299049
356.790681101768,517.9940681299049
356.790681101768,517.9940681299049
356.790681101768,517.9940681299049
356.790681101768,517.9940681299049
356.790681101768,517.9940681299049
356.790681101768,517.9940681299049
356.790681101768,517.9940681299049
356.790681101768,517.9940681299049
356.790681101768,517.9940681299049
356.790681101768,517.9940681299049
356.790681101768,517.9940681299049
356.790681101768,517.9940681299049
356.790681101768,517.9940681299049
356.790681101768,517.9940681299049
356.790681101768,517.9940681299049
356.790681101768,517.9940681299049
356.790681101768,517.9940681299049
356.790681101768,517.9940681299049
356.790681101768,517.9940681299049
356.790681101768,517.9940681299049
356.790681101768,517.9940681299049
356.790681101768,517.9940681299049
356.790681101768,517.9940681299049
356.790681101768,517.9940681299049
356.790681101768,517.9940681299049
356.790681101768,517.9940681299049
356.790681101768,517.9940681299049
356.790681101768,517.9940681299049
356.790681101768,517.9940681299049
356.790681101768,517.9940681299049
356.790681101768,517.9940681299049
356.790681101768,517.9940681299049
356.790681101768,517.9940681299049
356.790681101768,517.9940681299049
356.790681101768,517.9940681299049
356.790681101768,517.9940681299049
356.790681101768,517.9940681299049
356.790681101768,517.9940681299049
356.790681101768,517.9940681299049
356.790681101768,517.9940681299049
356.790681101768,517.9940681299049
356.790681101768,517.9940681299049
356.790681101768,517.9940681299049
356.790681101768,517.9940681299049
356.790681101768,517.9940681299049
356.790681101768,517.9940681299049
356.790681101768,517.9940681299049
356.790681101768,517.9940681299049
356.790681101768,517.9940681299049
356.790681101768,517.9940681299049
356.790681101768,517.9940681299049
356.790681101768,517.9940681299049
356.790681101768,517.9940681299049
356.790681101768,517.9940681299049
356.790681101768,517.9940681299049
356.790681101768,517.9940681299049
356.790681101768,517.9940681299049
356.790681101768,517.9940681299049
356.790681101768,517.9940681299049
356.790681101768,517.9940681299049
356.790681101768,517.9940681299049
356.790681101768,517.9940681299049
356.790681101768,517.9940681299049
356.790681101768,517.9940681299049
356.790681101768,517.9940681299049
356.790681101768,517.9940681299049
356.790681101768,517.9940681299049
356.790681101768,517.9940681299049
356.790681101768,517.9940681299049
356.790681101768,517.9940681299049
356.790681101768,517.9940681299049
356.790681101768,517.9940681299049
356.790681101768,517.9940681299049
356.790681101768,517.9940681299049
356.790681101768,517.9940681299049
356.790681101768,517.9940681299049
356.790681101768,517.9940681299049
356.790681101768,517.9940681299049
356.790681101768,517.9940681299049
356.790681101768,517.9940681299049
356.790681101768,517.9940681299049
356.790681101768,517.9940681299049
356.790681101768,517.9940681299049
356.790681101768,517.9940681299049
356.790681101768,517.9940681299049
356.790681101768,517.9940681299049
356.790681101768,517.9940681299049
356.790681101768,517.9940681299049
356.790681101768,517.9940681299049
356.790681101768,517.9940681299049
356.790681101768,517.9940681299049
356.790681101768,517.9940681299049
356.790681101768,517.9940681299049
356.790681101768,517.9940681299049
356.790681101768,517.9940681299049
356.790681101768,517.9940681299049
356.790681101768,517.9940681299049
356.790681101768,517.9940681299049
356.790681101768,517.9940681299049
356.790681101768,517.9940681299049
356.790681101768,517.9940681299049
356.790681101768,517.9940681299049
356.790681101768,517.9940681299049
356.790681101768,517.9940681299049
356.790681101768,517.9940681299049
356.790681101768,517.9940681299049
356.790681101768,517.9940681299049
356.790681101768,517.9940681299049
356.790681101768,517.9940681299049
356.790681101768,517.9940681299049
356.790681101768,517.9940681299049
356.790681101768,517.9940681299049
356.790681101768,517.9940681299049
356.790681101768,517.9940681299049
356.790681101768,517.9940681299049
356.790681101768,517.9940681299049
356.790681101768,517.9940681299049
356.790681101768,517.9940681299049
356.790681101768,517.9940681299049
356.790681101768,517.9940681299049
356.790681101768,517.9940681299049
356.790681101768,517.9940681299049
356.790681101768,517.9940681299049
356.790681101768,517.9940681299049
356.790681101768,517.9940681299049
356.790681101768,517.9940681299049
356.790681101768,517.9940681299049
356.790681101768,517.9940681299049
356.790681101768,517.9940681299049
356.790681101768,517.9940681299049
356.790681101768,517.9940681299049
356.790681101768,517.9940681299049
356.790681101768,517.9940681299049
356.790681101768,517.9940681299049
356.790681101768,517.9940681299049
356.790681101768,517.9940681299049
356.790681101768,517.9940681299049
356.790681101768,517.9940681299049
356.790681101768,517.9940681299049
356.790681101768,517.9940681299049
356.790681101768,517.9940681299049
356.790681101768,517.9940681299049
356.790681101768,517.9940681299049
356.790681101768,517.9940681299049
356.790681101768,517.9940681299049
356.790681101768,517.9940681299049
356.790681101768,517.9940681299049
356.790681101768,517.9940681299049
356.790681101768,517.9940681299049
356.790681101768,517.9940681299049
356.790681101768,517.9940681299049
356.790681101768,517.9940681299049
356.790681101768,517.9940681299049
356.790681101768,517.9940681299049
356.790681101768,517.9940681299049
356.790681101768,517.9940681299049
356.790681101768,517.9940681299049
356.790681101768,517.9940681299049
356.790681101768,517.9940681299049
356.790681101768,517.9940681299049
356.790681101768,517.9940681299049
356.790681101768,517.9940681299049
356.790681101768,517.9940681299049
356.790681101768,517.9940681299049
356.790681101768,517.9940681299049
356.790681101768,517.9940681299049
356.790681101768,517.9940681299049
356.790681101768,517.9940681299049
356.790681101768,517.9940681299049
356.790681101768,517.9940681299049
356.790681101768,517.9940681299049
356.790681101768,517.9940681299049
356.790681101768,517.9940681299049
356.790681101768,517.9940681299049
356.790681101768,517.9940681299049
356.790681101768,517.9940681299049
356.790681101768,517.9940681299049
356.790681101768,517.9940681299049
356.790681101768,517.9940681299049
356.790681101768,517.9940681299049
356.790681101768,517.9940681299049
356.790681101768,517.9940681299049
356.790681101768,517.9940681299049
356.790681101768,517.9940681299049
356.790681101768,517.9940681299049
356.790681101768,517.9940681299049
356.790681101768,517.9940681299049
356.790681101768,517.9940681299049
356.790681101768,517.9940681299049
356.790681101768,517.9940681299049
356.790681101768,517.9940681299049
356.790681101768,517.9940681299049
356.790681101768,517.9940681299049
356.790681101768,517.9940681299049
356.790681101768,517.9940681299049
356.790681101768,517.9940681299049
356.790681101768,517.9940681299049
356.790681101768,517.9940681299049
356.790681101768,517.9940681299049
356.790681101768,517.9940681299049
356.790681101768,517.9940681299049
356.790681101768,517.9940681299049
356.790681101768,517.9940681299049
356.790681101768,517.9940681299049
356.790681101768,517.9940681299049
356.790681101768,517.9940681299049
356.790681101768,517.9940681299049
356.790681101768,517.9940681299049
356.790681101768,517.9940681299049
356.790681101768,517.9940681299049
356.790681101768,517.9940681299049
356.790681101768,517.9940681299049
356.790681101768,517.9940681299049
356.790681101768,517.9940681299049
356.790681101768,517.9940681299049
356.790681101768,517.9940681299049
356.790681101768,517.9940681299049
356.790681101768,517.9940681299049
356.790681101768,517.9940681299049
356.790681101768,517.9940681299049
356.790681101768,517.9940681299049
356.790681101768,517.9940681299049
356.790681101768,517.9940681299049
356.790681101768,517.9940681299049
356.790681101768,517.9940681299049
356.790681101768,517.9940681299049
356.790681101768,517.9940681299049
356.790681101768,517.9940681299049
356.790681101768,517.9940681299049
356.790681101768,517.9940681299049
356.790681101768,517.9940681299049
356.790681101768,517.9940681299049
356.790681101768,517.9940681299049
356.790681101768,517.9940681299049
356.790681101768,517.9940681299049
356.790681101768,517.9940681299049
356.790681101768,517.9940681299049
356.790681101768,517.9940681299049
356.790681101768,517.9940681299049
356.790681101768,517.9940681299049
356.790681101768,517.9940681299049
356.790681101768,517.9940681299049
356.790681101768,517.9940681299049
356.790681101768,517.9940681299049
356.790681101768,517.9940681299049
356.790681101768,517.9940681299049
356.790681101768,517.9940681299049
356.790681101768,517.9940681299049
356.790681101768,517.9940681299049
356.790681101768,517.9940681299049
356.790681101768,517.9940681299049
356.790681101768,517.9940681299049
356.790681101768,517.9940681299049
356.790681101768,517.9940681299049
356.790681101768,517.9940681299049
356.790681101768,517.9940681299049
356.790681101768,517.9940681299049
356.790681101768,517.9940681299049
356.790681101768,517.9940681299049
356.790681101768,517.9940681299049
356.790681101768,517.9940681299049
356.790681101768,517.9940681299049
356.790681101768,517.9940681299049
356.790681101768,517.9940681299049
356.790681101768,517.9940681299049
356.790681101768,517.9940681299049
356.790681101768,517.9940681299049
356.790681101768,517.9940681299049
356.790681101768,517.9940681299049
356.790681101768,517.9940681299049
356.790681101768,517.9940681299049
356.790681101768,517.9940681299049
356.790681101768,517.9940681299049
356.790681101768,517.9940681299049
356.790681101768,517.9940681299049
356.790681101768,517.9940681299049
356.790681101768,517.9940681299049
356.790681101768,517.9940681299049
356.790681101768,517.9940681299049
356.790681101768,517.9940681299049
356.790681101768,517.9940681299049
356.790681101768,517.9940681299049
356.790681101768,517.9940681299049
356.790681101768,517.9940681299049
356.790681101768,517.9940681299049
356.790681101768,517.9940681299049
356.790681101768,517.9940681299049
356.790681101768,517.9940681299049
356.790681101768,517.9940681299049
356.790681101768,517.9940681299049
356.790681101768,517.9940681299049
356.790681101768,517.9940681299049
356.790681101768,517.9940681299049
356.790681101768,517.9940681299049
356.790681101768,517.9940681299049
356.790681101768,517.9940681299049
356.790681101768,517.9940681299049
356.790681101768,517.9940681299049
356.790681101768,517.9940681299049
356.790681101768,517.9940681299049
356.790681101768,517.9940681299049
356.790681101768,517.9940681299049
356.790681101768,517.9940681299049
356.790681101768,517.9940681299049
356.790681101768,517.9940681299049
356.790681101768,517.9940681299049
356.790681101768,517.9940681299049
356.790681101768,517.9940681299049
356.790681101768,517.9940681299049
356.790681101768,517.9940681299049
356.790681101768,517.9940681299049
356.790681101768,517.9940681299049
356.790681101768,517.9940681299049
356.790681101768,517.9940681299049
356.790681101768,517.9940681299049
356.790681101768,517.9940681299049
356.790681101768,517.9940681299049
356.790681101768,517.9940681299049
356.790681101768,517.9940681299049
356.790681101768,517.9940681299049
356.790681101768,517.9940681299049
356.790681101768,517.9940681299049
356.790681101768,517.9940681299049
356.790681101768,517.9940681299049
356.790681101768,517.9940681299049
356.790681101768,517.9940681299049
356.790681101768,517.9940681299049
356.790681101768,517.9940681299049
356.790681101768,517.9940681299049
356.790681101768,517.9940681299049
356.790681101768,517.9940681299049
356.790681101768,517.9940681299049
356.790681101768,517.9940681299049
356.790681101768,517.9940681299049
356.790681101768,517.9940681299049
356.790681101768,517.9940681299049
356.790681101768,517.9940681299049
356.790681101768,517.9940681299049
356.790681101768,517.9940681299049
356.790681101768,517.9940681299049
356.790681101768,517.9940681299049
356.790681101768,517.9940681299049
356.790681101768,517.9940681299049
356.790681101768,517.9940681299049
356.790681101768,517.9940681299049
356.790681101768,517.9940681299049
356.790681101768,517.9940681299049
356.790681101768,517.9940681299049
356.790681101768,517.9940681299049
356.790681101768,517.9940681299049
356.790681101768,517.9940681299049
356.790681101768,517.9940681299049
356.790681101768,517.9940681299049
356.790681101768,517.9940681299049
356.790681101768,517.9940681299049
356.790681101768,517.9940681299049
356.790681101768,517.9940681299049
356.790681101768,517.9940681299049
356.790681101768,517.9940681299049
356.790681101768,517.9940681299049
356.790681101768,517.9940681299049
356.790681101768,517.9940681299049
356.790681101768,517.9940681299049
356.790681101768,517.9940681299049
356.790681101768,517.9940681299049
356.790681101768,517.9940681299049
356.790681101768,517.9940681299049
356.790681101768,517.9940681299049
356.790681101768,517.9940681299049
356.790681101768,517.9940681299049
356.790681101768,517.9940681299049
356.790681101768,517.9940681299049
356.790681101768,517.9940681299049
356.790681101768,517.9940681299049
356.790681101768,517.9940681299049
356.790681101768,517.9940681299049
356.790681101768,517.9940681299049
356.790681101768,517.9940681299049
356.790681101768,517.9940681299049
356.790681101768,517.9940681299049
356.790681101768,517.9940681299049
356.790681101768,517.9940681299049
356.790681101768,517.9940681299049
356.790681101768,517.9940681299049
356.790681101768,517.9940681299049
356.790681101768,517.9940681299049
356.790681101768,517.9940681299049
356.790681101768,517.9940681299049
356.790681101768,517.9940681299049
356.790681101768,517.9940681299049
356.790681101768,517.9940681299049
356.790681101768,517.9940681299049
356.790681101768,517.9940681299049
356.790681101768,517.9940681299049
356.790681101768,517.9940681299049
356.790681101768,517.9940681299049
356.790681101768,517.9940681299049
356.790681101768,517.9940681299049
356.790681101768,517.9940681299049
356.790681101768,517.9940681299049
356.790681101768,517.9940681299049
356.790681101768,517.9940681299049
356.790681101768,517.9940681299049
356.790681101768,517.9940681299049
356.790681101768,517.9940681299049
356.790681101768,517.9940681299049
356.790681101768,517.9940681299049
356.790681101768,517.9940681299049
356.790681101768,517.9940681299049
356.790681101768,517.9940681299049
356.790681101768,517.9940681299049
356.790681101768,517.9940681299049
356.790681101768,517.9940681299049
356.790681101768,517.9940681299049
356.790681101768,517.9940681299049
356.790681101768,517.9940681299049
356.790681101768,517.9940681299049
356.790681101768,517.9940681299049
356.790681101768,517.9940681299049
356.790681101768,517.9940681299049
356.790681101768,517.9940681299049
356.790681101768,517.9940681299049
356.790681101768,517.9940681299049
356.790681101768,517.9940681299049
356.790681101768,517.9940681299049
356.790681101768,517.9940681299049
356.790681101768,517.9940681299049
356.790681101768,517.9940681299049
356.790681101768,517.9940681299049
356.790681101768,517.9940681299049
356.790681101768,517.9940681299049
356.790681101768,517.9940681299049
356.790681101768,517.9940681299049
356.790681101768,517.9940681299049
356.790681101768,517.9940681299049
356.790681101768,517.9940681299049
356.790681101768,517.9940681299049
356.790681101768,517.9940681299049
356.790681101768,517.9940681299049
356.790681101768,517.9940681299049
356.790681101768,517.9940681299049
356.790681101768,517.9940681299049
356.790681101768,517.9940681299049
356.790681101768,517.9940681299049
356.790681101768,517.9940681299049
356.790681101768,517.9940681299049
