0,0
0,0
0,0
0,0
0,0
0,0
0,0
0,0
0,0
0,0
0,0
0,0
0,0
0,0
0,0
0,0
0,0
0,0
0,0
0,0
0,0
0,0
0,0
0,0
0,0
0,0
0,0
0,0
0,0
0,0
0,0
0,0
0,0
0,0
0,0
0,0
0,0
0,0
0,0
760.488420235356,922.9385697677832
755.2730108549956,924.0016873208162
748.5432973011365,925.3734831060011
741.8352465645776,926.7408631071813
735.4552403564988,928.0635839922401
729.0477126383744,929.4029959536717
722.6392595907164,930.7426013434427
716.2350230918927,932.0813253174489
709.8298499980363,933.4202450747032
703.4373432751669,934.7565170886228
696.7209710471834,936.1604890564915
690.6535137586285,937.4288136311599
684.2682626659495,938.7635689481111
677.8795668082195,940.099044349269
671.4890039091672,941.434910031607
665.0883467901816,942.7728857819018
658.3641157764948,944.1785005287074
651.9624767605006,945.5166815320509
645.5737710317376,946.8521589966224
639.5295123484319,947.9836585149648
633.0765932154516,948.8320330677925
626.5911845030424,948.6180277705281
620.1919078813434,947.2301793589615
614.1198871474699,944.8924434218368
608.885577284491,941.6280158675331
603.4994305966346,937.9353301470377
598.104715940375,934.2367703172004
593.4902416392598,930.0880118808238
589.5980150580791,924.8582617329258
587.3494043568743,918.7402078957281
586.1965099398295,912.6521099090071
585.1256092375829,906.2147689042603
584.1109248971768,900.1153526860547
583.0374147782908,893.6623260956175
581.9617402539193,887.1962889467283
580.8907016623646,880.75811906915
579.8102237150887,874.6753381595398
578.6138192650955,868.2389122963552
577.4221494047612,861.8279576150372
576.283705567362,855.7033487013366
575.0856466170442,849.2580219445789
573.8914866824039,842.8336711423552
572.6978229916108,836.4119900365987
571.5682627298573,830.3351730514921
570.3655175280858,823.8646351631153
573.3522999801233,822.4069452250336
574.4832502331378,828.496007511235
575.6718982474781,834.8957158771827
576.865310948852,841.3210774281791
578.0573485898885,847.7390356225571
579.1873076940158,853.8227615402541
580.3826149779962,860.2583235677682
581.5731113307546,866.6679834304539
582.705506679517,872.7648261455421
583.702176663515,879.1897320167558
584.0105418789212,885.7039471922108
585.1878824711645,892.1120404724478
586.5325198495176,898.1463082135756
587.9583795817363,904.5450738019894
589.37779737212,910.5755693991002
591.0394100040317,916.5319278683737
593.5852110734837,922.5562776646052
597.8398463659285,927.5111574782849
602.615097577929,931.4353858125162
607.95723543841,935.2119070326978
613.1195698355915,938.6589733986563
618.5939322559705,941.5623552237942
624.4838657712032,943.4420984483213
630.9204601728853,944.2675003269878
637.094206400207,943.8714795919066
643.4759141641957,942.9734109232792
649.5491666845845,941.6694812146201
655.6000783361825,940.3703480992915
661.9821152306762,939.0001222638679
668.0420310292336,937.6990559546399
674.1216127574925,936.3937673625578
680.1842403297569,935.0921188344468
685.9215926295104,933.8603070354845
692.0135914208416,932.5523524950692
698.3952415624495,931.1822096956424
704.1376085437265,929.9493212425816
710.5457504433939,928.5734906522632
716.3004624560017,927.3379517161123
722.352364043049,926.0386060612528
728.7265627423019,924.6700630894352
734.4823349260187,923.4342965341297
740.524073358509,922.0949878542214
746.523313325716,920.6215933025883
752.49375913288,919.0081893051157
758.4451950853864,917.2654138623681
764.7093467694327,915.4270010363147
770.3511536980933,913.7895960639295
776.5900724156475,912.0091477742797
782.5747984261328,910.3692477565836
788.6013854037429,908.8403039144838
794.599095380554,907.5012127088557
800.6155098736419,906.3529241613556
806.2523951149143,904.589650187435
811.35948116444,901.439051883556
817.5347707519024,902.3771242784998
822.3622477267838,905.7237044920614
828.5311444501111,906.0760241127517
834.5387696350571,905.0796565409083
840.303574185376,903.8625423196762
846.6677553739966,902.5188826407475
852.7180504871944,901.2312032768442
858.7773486054132,899.9173918895461
864.8270486182275,898.5772220214043
870.8590129861086,897.181681507994
876.8985824081847,895.7327957883717
882.925518704044,894.2512960505996
889.2472920741437,892.6973215052753
900.7108253869849,890.082159425103
912.5451087246877,887.6470625457562
924.0702397038228,885.314774773347
935.8939881786893,882.9496635274329
947.4387930630025,880.6713489065328
958.9643917297632,878.3968245451218
970.5031313247708,876.1176599190842
981.4121692468624,873.9627563907469
993.2401931583449,871.6288862673288
1004.7449357574432,869.366053449963
1016.2875459397085,867.0957725728804
1027.518319298651,864.8868259317791
1039.3677672513918,862.5561940672095
1050.8849597898782,860.2909125091458
1062.4384696002285,858.0184878173785
1073.9652682232143,855.7513168677822
1085.7907494709732,853.425398941494
1096.9987175562683,851.2170243386735
1101.6780806254924,850.2937419393647
1101.6780806254924,850.2937419393647
1101.6780806254924,850.2937419393647
1101.6780806254924,850.2937419393647
1101.6780806254924,850.2937419393647
1101.6780806254924,850.2937419393647
1101.6780806254924,850.2937419393647
1101.6780806254924,850.2937419393647
1101.6780806254924,850.2937419393647
1101.6780806254924,850.2937419393647
1101.6780806254924,850.2937419393647
1101.6780806254924,850.2937419393647
1101.6780806254924,850.2937419393647
1104.575744480845,849.5051569648517
1112.0913723925362,845.1413370569114
1116.815263967252,838.1932816588039
1120.5368936169923,830.2255679157754
1124.2265502500106,822.2716624531702
1127.9305084275684,814.2869267143229
1131.7487830333591,806.3447594949723
1135.4772819597526,798.7526134934672
1139.331210756423,790.8408979164907
1143.0668707408695,782.8483230660469
1146.790830897904,774.8807804044844
1150.5289279567694,766.8829913483074
1154.2641093513791,758.8995090541484
1157.644791486442,751.1688198649683
1157.5263551465118,743.1088365079962
1150.5815453626603,736.6924259642611
1144.8713520679712,729.107047575564
1137.932272013309,724.251378319836
1130.9409257982581,719.4167224209228
1123.7732299784375,714.4043003187187
1116.7710377479668,709.6971513915774
1108.3774816193645,709.6207070131381
1099.777136510258,711.3082730965209
1091.4826136783208,713.0491729458762
1082.8185805991043,714.8676276283254
1074.5034215654978,716.6128587166327
1066.5147810325586,718.2895583149265
1058.2223303900564,720.0300232418217
1049.6369933327253,721.8319607724804
1044.5160548586293,722.9067713672243
1044.5160548586293,722.9067713672243
