0,0
0,0
0,0
0,0
0,0
0,0
0,0
0,0
0,0
0,0
0,0
0,0
0,0
0,0
0,0
0,0
0,0
0,0
0,0
0,0
0,0
0,0
1933.6177180571121,154.61690461988576
1933.996374810003,159.59157630822963
1934.515597338446,166.41295633769928
1934.98476358433,173.23975334789526
1935.1978937994636,180.1047897511453
1935.4070286033705,186.95610464797358
1935.6094782721673,193.77929114163527
1935.8136017526836,200.65889032091553
1936.1853766982667,207.162155064502
1940.917028573133,211.0171330286328
1947.7318786078906,210.4292953974131
1954.211273251048,209.74785303910917
1961.0339549189798,209.03030695003704
1967.8484606418097,208.31362073069323
1974.687472409977,207.59435719383023
1981.182263257781,206.91129560617216
1987.9882926507132,205.96548497429697
1994.4139177580798,204.89186001546275
2000.85008963555,203.88979116015614
2007.6302644038408,202.92449773619657
2014.4295853337674,202.031081515911
2020.9231353747068,201.21720774175566
2027.3907345244959,200.6540075031273
2033.9021040745815,200.11317577606715
2040.3946639870846,199.5739063699137
2046.908695996135,199.00952281390326
2053.3815814691416,198.39935779104619
2060.1742955116933,197.55589993093562
2066.322042211148,196.79252828844622
2072.8031645300966,195.98776107345526
2079.2880034902614,195.18253235953648
2085.747217950663,194.17226078057632
2092.1974946792093,193.0834900462604
2098.9255059820866,191.85873070714445
2105.3280923651905,191.61731483687896
2109.062948887868,196.5978231891471
2111.114168769676,202.47513252791393
2113.2666511475595,208.64258677953512
2115.320812570733,214.82354736628452
2116.983190486488,221.1362283753624
2118.599397321966,227.50067019954338
2119.902332088671,233.5586986234957
2121.1984270812204,239.9837511256597
2122.3538776129276,246.4316963342098
2123.4524423276507,252.56219252958945
2124.5827189619695,258.9775686773433
2125.584088263989,265.4479549365474
2126.529123444289,271.5543361015586
2127.5398013448016,278.08487022795043
2126.5213027698123,283.94267700145025
2120.5772744919245,286.3172356642641
2114.173421392744,287.6717128145392
2107.7849091640032,289.0229452216645
2101.7267312644226,290.30430870864603
2095.3359008297407,291.6461510220139
2089.2509660896817,292.85718901148095
2082.831737011641,294.13475904447085
2076.428128101998,295.40922031489566
2070.014325350275,296.68571038768965
2063.600197991939,297.9622650644535
2057.526273378012,299.17111179278396
2051.0956620060306,300.3324166898503
2044.616376925501,301.23097152086865
2038.4700035685792,302.08335776479254
2033.319761478583,305.4051913435902
2033.9200740534786,311.80933267928634
2035.112319299563,318.199329677108
2036.2479634082636,324.2859653496103
2037.4471977453948,330.7134213106387
2038.6435210126576,337.12527500545485
2039.7814277830244,343.126582640773
2040.9727455242455,349.5210611112198
2041.903027007858,355.99895482212787
2042.820069609495,362.36048726646476
2043.3505151058162,368.49640294324433
2040.8223017630648,374.1054518472714
2034.707620861128,374.60342007828433
2028.524267817056,374.0412970742778
2023.9272578885523,376.1064598847336
2024.9321137618517,382.5636727387158
2025.8884125641043,388.7088574186619
2026.989347401718,395.1503905674372
2028.0570796936292,401.2763615194212
2029.1259047044857,407.40860179993183
2030.1873924490496,413.49874549826035
2031.3110932008597,419.94582798931117
2032.3786885084635,426.07101301218637
2033.5015961507022,432.51354514334645
2034.5674719756792,438.6288648650558
2035.6325666437542,444.73970280371407
2036.75319958452,451.1691841399753
2037.8147367446054,457.2596113532377
2038.8776927354638,463.3581789179409
2039.9303322674266,469.4662768044301
2040.9223670028277,475.27564006750026
2041.9432875364248,481.39957448419733
2043.0232171017233,487.8158924035435
2044.0482908557965,493.9062887666565
2045.0693793705584,499.99460629502175
2046.0379643848628,505.7723845644299
2047.0625853835918,511.88442723844133
2048.1427203542603,518.3276204216817
2049.285028943852,524.1220673920354
2050.494712474088,530.2218516474708
2051.7029666983253,536.3144286805156
2052.9141115048415,542.4120214972072
2054.2189042960026,548.474058809705
2055.59324801527,554.8592281353134
2056.8240878963184,560.5776819274945
2058.0469065899565,567.0014383146962
2059.1420512768855,573.0972799749695
2060.232467933304,579.1668042675929
2061.3275956111893,585.262551251394
2062.421080102811,591.349151860839
2063.4239689418077,597.4455809698262
2064.1609775580105,602.0789428297322
2064.16098549472,602.078992725548
2064.16098549472,602.078992725548
2064.16098549472,602.078992725548
2064.16098549472,602.078992725548
2064.16098549472,602.078992725548
2064.16098549472,602.078992725548
2064.16098549472,602.078992725548
2064.16098549472,602.078992725548
2064.16098549472,602.078992725548
2064.16098549472,602.078992725548
2064.16098549472,602.078992725548
2064.16098549472,602.078992725548
2064.16098549472,602.078992725548
2064.16098549472,602.078992725548
2064.16098549472,602.078992725548
2064.16098549472,602.078992725548
2064.444949935343,605.0848041012682
2062.6903837912428,613.6163160079428
2052.230959789434,618.1220209378118
2040.9250244760683,621.449133423752
2030.1803980670984,624.2661012235085
2018.4912280452036,627.3145358515205
2007.1435686901973,630.2877670536835
1995.7630234359726,633.2708719696009
1994.9898859420157,633.4735292419356
1994.9898859420157,633.4735292419356
1994.9898859420157,633.4735292419356
1994.9898859420157,633.4735292419356
1994.9898859420157,633.4735292419356
1994.9898859420157,633.4735292419356
1994.9898859420157,633.4735292419356
1994.9898859420157,633.4735292419356
1994.9898859420157,633.4735292419356
1994.9898859420157,633.4735292419356
1994.9898859420157,633.4735292419356
1994.9898859420157,633.4735292419356
1994.9898859420157,633.4735292419356
1994.9898859420157,633.4735292419356
1994.32816126287,633.6423055109206
1986.5999344840993,635.7206967985999
1978.4977639125377,637.8716303235368
1969.9700291507563,640.1263914693988
1961.4362861041109,642.3732976493386
1952.9054710713463,644.5953346896495
1944.7269041090406,646.7256210288922
1936.2068776709139,648.9448479441673
1927.971393373439,651.0899596461095
1919.4235210648135,653.3224607953537
1910.8675326627235,655.566092076415
1902.3174086875333,657.8081855326195
1893.8035874069737,660.0569438152369
1885.6207031880779,662.2872832696123
1877.1300766464237,664.6613247631869
1868.6338534620986,666.9926248818017
1860.1093707843354,669.33167919413
1851.5973559088714,671.6676838848367
1843.0808176567714,673.9374194988222
1834.8963256983138,676.1991929468113
1826.7927994870975,678.7876434365089
1818.737046802464,681.5009187714661
1810.3189066445295,684.1078887096531
1802.1558238728055,686.3787350162179
1793.9815413799608,688.652696916003
1785.5087051970427,691.0097119420853
1777.343003239087,693.2812868666914
1769.3824750229942,695.7980892424322
1759.929643837162,696.3464313767275
1752.9812960402821,701.5355647088519
1746.4799764705713,707.6217705535812
1739.6641522193513,713.1800973400565
1733.6662198886338,719.1261844498357
1732.1378968787442,728.1152012671851
1726.0186437265809,734.5169074240384
1719.0734831170168,734.9037239331332
1719.0734831170168,734.9037239331332
