0,0
0,0
0,0
0,0
0,0
0,0
0,0
0,0
0,0
0,0
0,0
0,0
0,0
0,0
0,0
0,0
0,0
0,0
0,0
0,0
0,0
0,0
0,0
0,0
0,0
0,0
0,0
961.8289817368693,1161.3808868182286
958.0472970391331,1166.1059898481383
954.6561797612757,1172.006181176424
952.0841366332471,1177.9882961008705
949.3629616913768,1184.3172651039172
946.6533826096338,1190.6192641984217
944.0652201062766,1196.6388699233435
941.3549426350487,1202.9424933475939
938.6495481036793,1209.234759922076
936.0631823509461,1215.2501867245655
933.3538788663276,1221.5515448291687
930.6499958569569,1227.8402958722786
928.0650386014886,1233.852446760606
925.4747234691724,1239.87705911768
922.757716392099,1246.1963344083883
920.0508747646073,1252.4919666711112
917.4745271245454,1258.4840931250678
914.8869312809692,1264.5023809001086
912.2940465182778,1270.5329697604732
909.7059223556619,1276.5524863116486
907.1424515647457,1282.514663504407
903.0738347809724,1286.7009693217171
903.6771762540828,1280.4577607425329
906.1196420312014,1274.7758662433557
908.6973394349379,1268.7793831662777
911.2849669402052,1262.7597997494559
913.8636552618593,1256.761011505559
916.440001892768,1250.767670723768
919.1590057260653,1244.4424672886234
921.7538282804181,1238.4061460692894
924.34534520849,1232.3775147099147
926.794568144785,1226.679901069076
929.3758159938155,1220.6751586109351
931.967451129234,1214.6462522664704
934.5481800587254,1208.642716967956
937.1366149276406,1202.6212553855883
939.5806093849459,1196.9358047262285
942.1602389659993,1190.934826835847
944.7349793042208,1184.945222763765
947.1838979049666,1179.248317097015
949.7722484226615,1173.2270517404197
952.1770077342915,1167.2148772278733
953.9985460804596,1161.3857861053643
957.1468497036399,1155.644413157984
960.7281970730106,1150.2482566369329
964.1019354767632,1144.687499275721
965.2208647771942,1138.3928335447422
962.102630313474,1132.4516587508992
956.8459046854774,1129.2168522431748
950.3998999880328,1128.128691349993
944.1887427197348,1127.897510396405
937.7698486382719,1128.9204704063632
931.4468989487023,1130.5207231055754
925.0774135471191,1131.8412317679874
918.5589376189072,1132.2460497752222
912.3298031724715,1132.29569577193
907.3459592446331,1131.2457254202104
900.8302672918713,1130.6040314889372
894.753450858341,1129.5864921096638
888.5718113086114,1127.573423260013
882.4790800893113,1125.201429713451
876.6201648387471,1122.3227957648182
871.2111373989467,1119.2690505435494
865.7922648150973,1115.6216028907604
860.8338557861657,1111.4256188030424
860.0731267488545,1110.9359154794474
855.82669744925,1105.9962350890376
852.0408149850308,1100.687906704659
849.2799279583564,1094.7923397718969
846.9893891623517,1089.000692333753
845.3951888673683,1082.710207646048
844.2446254408522,1076.6087586176918
843.0940359890017,1070.4838259169264
841.890207654206,1064.0754866765149
840.6842736271575,1057.6559382047678
839.5445296864407,1051.588739412212
838.3400219019728,1045.176783257436
837.1889161876278,1039.0491023365917
836.0438059434935,1032.9533371016512
834.8936690087048,1026.855486699714
833.6768665110595,1020.4438735390446
832.5087529961465,1014.3464268509545
831.2766136951758,1007.9472517717192
830.1104483899803,1001.8907158318331
828.9399158671474,995.8114985358302
827.7013961606798,989.3791865119174
826.5294058629815,983.2923981916136
825.3587897382781,977.212746705251
824.1872565108022,971.1283322012629
823.1012792043048,965.4864634375393
821.9352038417421,959.4219881617877
820.7064661683138,953.0316213980861
819.5335438609976,946.9315368225367
818.361356360984,940.8352738016325
817.2732705706753,935.0661953050889
816.0464187568269,928.9537065530201
813.1502793665151,922.9574456514262
809.5737756568693,918.3276951384356
803.9597730551409,916.0238286965492
797.7852628549324,916.5177321818466
791.6311639840222,917.3975691696118
785.5083975325944,918.4568099816937
779.0827483370193,919.5684496181342
773.2946080344185,920.5697999853594
766.8361783511264,921.6871106580389
760.7592298460089,922.8833674951295
754.6660110609873,924.1254191486815
748.5834091850247,925.3653066341776
742.4954753752002,926.6062809897671
736.4181160156132,927.8623071141798
730.3210358962533,929.136823963881
723.9581785402814,930.466898155736
718.214223059795,931.6675988026848
712.1463804563775,932.9360039225118
706.091046380887,934.2017942940829
700.3456801495305,935.4027898405113
693.9707576568388,936.7353860953443
687.9278220258619,937.9985847301933
681.8629614322103,939.266366498905
675.8096313879366,940.5317379533053
669.7543270638365,941.7975221057277
663.6950305093437,943.0641407830051
657.6136647329704,944.3353727496925
651.2298475429296,945.6698283275822
639.7106962164802,947.9581069438298
627.7010955863561,948.8171414817442
616.361215055328,945.9137495406753
606.0565367073496,939.6884552971785
596.4134849767224,932.9949697400833
589.1729752627336,923.8352492843246
586.1716752980847,912.5028252392826
584.3457742518036,901.527066561399
582.359686813272,889.5884040129012
580.4265675975065,877.9911497192778
578.2782442757808,866.4335833874939
576.1928632370224,855.2146344337885
573.9810585708437,843.3155506767987
571.8388391593488,831.7908222082274
569.6626070623253,820.225857235973
567.3554766099203,808.7211568488026
564.8796836393523,796.8811401256098
562.5439546123326,785.710953009999
560.1416163684439,774.2222197756197
557.7341215505311,762.7088261906354
555.7185630458912,752.792271601141
553.9547861735834,744.1077824294371
552.2061434483943,735.4978108108534
550.4471706200362,726.836975803299
548.6915419667039,718.1926068534732
546.9383966931998,709.5604655757335
545.2459106034202,701.2269981452874
543.5077279495243,692.9455192428919
540.866519138352,684.5653764496205
534.3586502397142,678.7686869602057
527.1448835423572,673.7642631723263
520.0453914054715,669.1242379542903
512.6509556325087,664.2914460026753
505.4136153045742,659.8980750547341
497.2753817424011,656.739937607825
488.5088979396563,656.2579720744101
479.8744998382163,657.8576071775251
471.2186768600487,659.6713484754208
462.88250040265586,661.3276400361298
454.22727788531796,663.0473219652247
445.58102199215324,664.7652223408674
436.95225565115226,666.4796477663579
428.3218479783346,668.1886162810689
419.6371194418756,669.9038606003792
411.31586337746484,671.5473186698039
402.9937598272767,673.1909441186878
394.67758930368984,674.8333977876903
385.9698321961197,676.0283364408126
377.59186168655526,675.1350927746907
369.78963588690647,671.7895352568543
361.90656999594165,667.8350306467653
354.3195880915561,664.0290552391585
346.46463927558466,660.0886554334973
338.59623342454773,656.141504966616
331.004457588077,652.3331247045031
323.0905355057146,648.5161327683417
315.2496620844949,645.1322780524418
306.93724966580305,644.4888619261633
299.06914907703623,640.731192054335
290.8866475190931,636.8233696728613
286.1280260243586,634.4246818475425
286.1280260243586,634.4246818475425
