0,0
0,0
0,0
0,0
0,0
0,0
0,0
0,0
0,0
0,0
0,0
0,0
0,0
0,0
0,0
0,0
0,0
0,0
0,0
0,0
0,0
0,0
0,0
0,0
0,0
0,0
0,0
0,0
0,0
0,0
0,0
0,0
0,0
0,0
0,0
0,0
0,0
0,0
0,0
0,0
0,0
0,0
0,0
0,0
0,0
0,0
0,0
0,0
0,0
0,0
0,0
0,0
0,0
0,0
0,0
0,0
0,0
0,0
0,0
0,0
0,0
0,0
0,0
0,0
0,0
0,0
0,0
0,0
0,0
0,0
0,0
0,0
0,0
0,0
0,0
0,0
0,0
0,0
0,0
0,0
0,0
0,0
0,0
0,0
0,0
0,0
0,0
0,0
0,0
0,0
0,0
1895.0334006190983,316.8181491157207
1895.6383032950926,320.2829397598657
1896.42563409334,324.7926509776755
1897.2130813342112,329.3030291611467
1897.9509750436196,333.8070096958131
1898.1693187504134,338.01812058259424
1897.9454800402434,342.2663241360846
1898.234083602968,344.88313180902276
1899.0533251254244,348.73316339731423
1899.9344513941337,352.8740228078989
1900.947741472378,356.5623879254226
1902.24625124074,360.9388467743463
1903.6834042066525,364.9164654255626
1905.0394157875699,368.5763490310229
1906.5521207115196,372.5358649642156
1908.066543215988,376.49987667667295
1909.5869959046258,380.4796724392252
1911.1030593324647,384.4479792803147
1912.614142401398,388.4032499964289
1914.1282005940323,392.36630812005984
1915.6520364464568,396.3549593379669
1917.1669027209102,400.3201326215262
1918.5740923761498,404.0034615859068
1920.2057219798912,408.27426371710874
1921.6070229826269,411.9421790915384
1923.003221075234,415.596737562292
1924.5232811236167,419.57550558617515
1926.1098320443105,423.87097763778803
1927.390041138127,427.5873355383355
1928.7742266292685,431.6055296838659
1929.9571431069655,435.0394538910996
1931.2356814997274,438.75096186276227
1932.61888969286,442.7663189801889
1934.0040695990351,446.78739984335294
1935.39044725803,450.81195769959265
1936.667938637596,454.52042626481665
1937.8322954163443,457.9004729577026
1939.1099852593493,461.6095176484772
1940.2824102871323,465.01298590678533
1941.4545689241954,468.41568085137345
1942.6903063021591,472.12824495986763
1943.6806150265913,475.2084172245417
1944.8792503352076,478.9365508277022
1945.9742211946427,482.34225532030007
1947.176928621674,486.083054495207
1948.2717896185136,489.48841728050616
1949.366466745284,492.91699026946424
1950.5431782089847,496.65146377701694
1951.6185007083918,500.06416392483624
1952.6966945927084,503.48597685111037
1953.6766618885677,506.5960527002449
1954.8495086057158,510.31826084448716
1955.9693686040998,513.9606959499308
1956.8805004503777,517.4301572665245
1957.7920738582693,520.9012999873463
1958.70982490712,524.3959662919646
1959.7010215199691,528.1703029255353
1960.6090819491146,531.6280687197184
1961.518618146838,535.0914540321014
1962.520424256959,538.9061901320326
1963.4272597677557,542.359291610239
1964.3375204860226,545.825435794469
1965.1642124661867,548.9733620332842
1966.08037030646,552.4619616247799
1967.082423673397,556.2776392437253
1967.996876275681,559.7597455299275
1968.9046032846556,563.2162417072161
1969.8146219934802,566.6814643536882
1970.812697027004,570.4819930411845
1971.7277619410472,573.9664309240384
1972.6365764913114,577.4270683048752
1973.6342932430966,581.2262327061394
1974.464022991365,584.3857263366216
1975.374223949974,587.8516429645198
1976.2034950692769,591.0093902007106
1977.1131992234348,594.4734150674627
1978.023746132599,597.9406490261874
1978.8467833006769,601.0746582570479
1979.7597435339665,604.5510818130099
1980.6743699426722,608.0338499295048
1981.5041518745336,611.1935422677353
1982.3298065772465,614.3375187005963
1983.239113660336,617.8000315768311
1984.1286685514856,620.9507035246722
1985.080321975939,624.0655735791677
1986.0895208551983,627.156758903316
1986.7000547933744,628.9698596894149
1986.7000675691047,628.9698976294626
1986.7000675691047,628.9698976294626
1986.7000675691047,628.9698976294626
1986.7000675691047,628.9698976294626
1986.7000675691047,628.9698976294626
1986.7000675691047,628.9698976294626
1986.7000675691047,628.9698976294626
1986.7000675691047,628.9698976294626
1986.7000675691047,628.9698976294626
1986.7000675691047,628.9698976294626
1986.7000675691047,628.9698976294626
1986.7000675691047,628.9698976294626
1986.7000675691047,628.9698976294626
1986.7000675691047,628.9698976294626
1986.7000675691047,628.9698976294626
1986.7000675691047,628.9698976294626
1986.7000675691047,628.9698976294626
1986.7000675691047,628.9698976294626
1986.7000675691047,628.9698976294626
1986.7000675691047,628.9698976294626
1986.7000675691047,628.9698976294626
1986.7000675691047,628.9698976294626
1986.7000675691047,628.9698976294626
1986.7000675691047,628.9698976294626
1986.7000675691047,628.9698976294626
1986.7000675691047,628.9698976294626
1986.7000675691047,628.9698976294626
1986.7000675691047,628.9698976294626
1986.7000675691047,628.9698976294626
1986.7000675691047,628.9698976294626
1986.7000675691047,628.9698976294626
1986.7000675691047,628.9698976294626
1986.779886928858,629.2069369402456
1987.2654335007442,631.2784458878393
1987.0059774462866,634.1340062001203
1984.520571361234,636.1033140571296
1981.5183766456316,637.0729703725027
1978.3691617175123,637.9056331672833
1975.2087932110908,638.7412450048865
1972.0328457991839,639.5809759563887
1968.8706364189966,640.417074527076
1965.7084518572065,641.2531665356975
1962.5615087167944,642.0852286623291
1959.4071047548766,642.9018422376562
1956.2570881219408,643.7223328483534
1953.091719263475,644.5468222813963
1949.9412509176987,645.3674305505658
1946.7523540230268,646.1980483743585
1943.6006147141682,647.0189876936134
1940.4307975254533,647.8446357913962
1937.2603031864535,648.6704602677557
1934.0918062140813,649.4957644863659
1931.257533816152,650.2340126169772
1928.1070540605808,651.0546238580769
1924.9682380256843,651.8721970284568
1921.8095300356504,652.6949514928807
1918.661620996807,653.5222533552881
1915.7992926417455,654.2728398605848
1912.6422429101628,655.1007109610078
1909.4861747250645,655.9283246711339
1906.6531535207346,656.671225981331
1903.4964077487002,657.4990173746392
1900.3168280580423,658.3327964915959
1897.476251518428,659.0776790324571
1894.6253679454194,659.8329580531628
1891.7801151754768,660.608464505499
1888.6387998004243,661.4646662348889
1885.8162225221195,662.233992220498
1882.984756904053,663.0203831155528
1880.4710960701143,663.7315170253507
1877.6503944167523,664.518553457235
1874.4986484457966,665.3833689872095
1871.6697488431523,666.1595978875238
1868.8148713355663,666.9429549307268
1865.967691155068,667.7241998849271
1863.117301349934,668.5063255361302
1860.2706835372887,669.2874161807963
1857.4476386496287,670.0620385910926
1854.5955703496074,670.8446248087432
1852.0693413155473,671.5401881955579
1848.912978268019,672.3855988352973
1844.1842489686492,673.6456189242276
1838.823839103526,675.0952070663002
1833.5105262408636,676.6302722560275
1828.2123078955817,678.3095357657196
1822.9453003774572,680.0835278614826
1818.0093270784796,681.746023612087
1812.7124203102414,683.3943643923985
1807.3864621397556,684.9236504701413
1802.0348744784142,686.4123813105426
1797.3204369280415,687.7238666155646
1791.9758175984794,689.2106589713362
1786.635698341429,690.6961994749182
1781.592927172935,692.0990222323318
1776.5753966387015,693.494823426607
1772.09621352816,694.7929092258017
1766.2513256492207,693.5805540823014
1760.9740596462402,695.8020176393343
1756.351571588254,698.6663213088095
1752.5997792802727,701.892721361395
1748.7763306886404,705.4720401313613
1744.635664889933,709.3483215716051
1740.6444372858894,712.4653061457058
1735.979441399092,715.9216420118354
1733.0722809400202,720.152346296698
1733.1337983399656,726.5291359770918
1729.9482209642426,731.200302160678
1725.6274749213442,734.7548348416566
1718.963574993057,734.9665285753961
1715.2506753550717,736.7039502697475
1710.9967618515698,738.0589487517205
1706.9112466085849,738.5590659761307
1701.4705729800855,742.1530433364417
1696.8393087409395,741.9999648948029
1692.447419792595,740.5257859490603
1689.5348490467886,735.7154960323217
1683.7699564494185,736.1295527972958
1679.738252134312,733.2790473796359
1676.712409545151,729.8371276006865
1675.8432778826466,723.2464814447717
1674.000159957722,719.5520539597005
1672.6669644025646,715.9654941363225
1668.5524534653855,712.184792883859
1668.1337982201378,707.3190991212578
1668.5694225602851,702.4676789546613
1669.3039855870923,697.8362461054721
1670.830747970708,692.8093627699951
1673.161735734362,688.433782413416
1675.5480935910457,684.0286524923829
1675.7722445464758,679.4836823275681
1675.9221687432796,674.587837342767
1676.419200340705,669.4542259697535
1677.7174767881338,665.4254221537766
1679.3062992448833,660.4949976749688
1680.5882125546302,655.8225121175897
1680.8411830025493,650.6451038013827
1680.5356786965992,645.7902418959585
1680.1693788369344,644.6642099637801
1678.6445630490114,640.5592328421332
1677.473708716248,636.4752779735923
1676.2242259473574,632.0879963715482
1674.9407258197277,628.311530328023
1672.4922270242623,624.9508006832979
1669.3564458387389,622.578654459299
1665.6942628115603,619.893167149151
1664.2352140254422,615.4407924171529
1662.774012588818,610.9719642695138
1661.3206916300073,606.5272371802133
1659.8695854141408,602.0892834935124
1658.4239017496952,597.6679137286543
1657.0747523080072,593.5417769419861
1655.7467436249385,589.3809732950665
1654.4663383919308,585.2173026017014
1653.088059365258,580.7353621638624
1651.8091681879096,576.5766149345811
1650.4269870615863,572.0819854999008
1649.053936390228,567.6170468277817
1647.7741388524307,563.4553522609368
1646.3987646023093,558.9828576865532
1645.5909261712259,554.8174142131503
1646.7117566684026,550.2868993614043
1647.8406137502875,545.7239402093646
1649.8066728329259,547.1854055720501
1649.9675816683687,546.3891995050903
1648.5428111119177,541.6824494879323
1647.541584660272,537.5699204093314
1647.8689614162772,533.3871026482539
1647.7013495114707,529.0129371720241
1644.854701184216,525.0587197741295
1641.5792650809121,520.6361167298326
1640.1486972934506,515.9603198662682
1638.8157008130383,511.5925211854058
1637.5829949973913,507.55334260197026
1636.2530662012073,503.1955957309374
1635.020194664488,499.1558741331051
1633.6869836549188,494.78737250952383
1632.547432796083,491.0534326146043
1631.2123617115565,486.67883612650974
1629.973915042499,482.62084662172435
1628.6413531302442,478.254471880274
1627.3215726477122,473.8647382721491
1626.2029840422429,470.11347148452177
1625.0025337490456,466.05569779993465
1623.725605591231,461.66230636586937
1622.5702436298113,457.5810676661441
1621.3371396709977,453.1774730938595
1620.1865747816837,449.0686376096889
1619.0489816026,445.00612599979877
1617.812159311644,440.5870778605982
1616.5830455268538,436.19101363838377
1615.4348319501257,432.086092762361
1614.2854491276676,427.98218356242467
1613.0503627418345,423.5722669684941
1611.9055969176725,419.48626655238564
1610.7621331771845,415.4060576322458
1609.617615388674,411.32208756429515
1608.5613797635226,407.55313375586604
1607.4122015486294,403.45253394039963
1606.356312388017,399.6848164175236
1606.3268965957175,395.1256023562989
1606.199021792408,390.88093931157243
1603.876473749923,386.98804138117333
1601.2929040444487,383.5756144859344
1599.784149012423,379.59274439025575
1598.5670149498692,375.5231474221266
1597.3543216086798,371.46839840440595
1596.263221846801,367.59216035169567
1595.4087882021192,364.0963323753375
1594.867485222238,361.88164652754347
1594.8674822377113,361.8816343166571
1594.8674822377113,361.8816343166571
1594.8674822377113,361.8816343166571
1594.8674822377113,361.8816343166571
1594.8674822377113,361.8816343166571
1594.8674822377113,361.8816343166571
1594.8674822377113,361.8816343166571
1594.8674822377113,361.8816343166571
1594.8674822377113,361.8816343166571
1594.8674822377113,361.8816343166571
1594.8674822377113,361.8816343166571
1594.8674822377113,361.8816343166571
1594.8674822377113,361.8816343166571
1594.8674822377113,361.8816343166571
1594.8674822377113,361.8816343166571
1594.8674822377113,361.8816343166571
1594.8674822377113,361.8816343166571
1594.8674822377113,361.8816343166571
1594.8674822377113,361.8816343166571
1594.8674822377113,361.8816343166571
1594.8674822377113,361.8816343166571
1594.8674822377113,361.8816343166571
1594.8674822377113,361.8816343166571
1594.8674822377113,361.8816343166571
1594.8674822377113,361.8816343166571
1594.8674822377113,361.8816343166571
1594.8674822377113,361.8816343166571
1594.8674822377113,361.8816343166571
1594.8674822377113,361.8816343166571
1594.8674822377113,361.8816343166571
1594.8674822377113,361.8816343166571
1594.8674822377113,361.8816343166571
1594.3515951801735,360.15095289688776
1592.7926051465847,357.05460769837333
1589.1709221718295,355.22771218800546
1585.0347114836384,355.7185506593347
1581.093140099882,355.69102808583517
1577.4832876861542,355.48323894081904
1573.5414848626683,355.2563421747907
1569.586300886104,355.0286751672015
1565.6263352989665,354.8007329221071
1561.689371590188,354.57411470361825
1558.053844632588,354.3648476888976
1554.133501071455,354.1233958480813
1550.1770242090502,353.70266143603425
1546.0008634476644,352.64182183097324
1542.5166315965353,351.62279636248235
1538.4188076742703,350.4336458237324
1534.9535408624026,349.42805749821764
1531.1869746285154,348.3350348717626
1527.4155104360443,347.2405909031028
1523.331303544305,346.0553919004591
1519.4934546167494,345.34194831560274
1516.2060662995516,347.0444453769668
1515.8254552465096,347.54634835388896
1514.8629568030672,350.95119205320384
1513.971448305758,354.0893019637319
1513.0081892533515,357.47997382820313
1512.130092201388,360.6366322509541
1511.1711538205936,364.0196154564271
1509.300524943194,366.58836941618443
1506.4166016467766,367.2
1505.6123290896835,367.2
1505.6123290896835,367.2
1505.6123290896835,367.2
1505.6123290896835,367.2
1505.6123290896835,367.2
1505.6123290896835,367.2
1505.6123290896835,367.2
1505.6123290896835,367.2
1505.6123290896835,367.2
1505.6123290896835,367.2
1505.6123290896835,367.2
1505.6123290896835,367.2
1505.6123290896835,367.2
1505.6123290896835,367.2
1505.6123290896835,367.2
1505.6123290896835,367.2
1505.6123290896835,367.2
1505.6123290896835,367.2
1505.6123290896835,367.2
1505.6123290896835,367.2
1505.6123290896835,367.2
1505.6123290896835,367.2
1505.6123290896835,367.2
1505.6123290896835,367.2
1505.6123290896835,367.2
1505.6123290896835,367.2
1505.6123290896835,367.2
1505.6123290896835,367.2
1505.6123290896835,367.2
1505.6123290896835,367.2
1505.6123290896835,367.2
1505.6123290896835,367.2
1505.6123290896835,367.2
1505.6123290896835,367.2
1505.6123290896835,367.2
1505.6123290896835,367.2
1505.6123290896835,367.2
1505.6123290896835,367.2
1505.6123290896835,367.2
1505.6123290896835,367.2
1505.6123290896835,367.2
1505.6123290896835,367.2
1505.6123290896835,367.2
1505.6123290896835,367.2
1505.6123290896835,367.2
1505.6123290896835,367.2
1505.6123290896835,367.2
1505.6123290896835,367.2
1505.6123290896835,367.2
1505.6123290896835,367.2
1505.6123290896835,367.2
1505.6123290896835,367.2
1505.6123290896835,367.2
1505.6123290896835,367.2
1505.6123290896835,367.2
1505.6123290896835,367.2
1505.6123290896835,367.2
1505.6123290896835,367.2
1505.6123290896835,367.2
1505.6123290896835,367.2
1505.6123290896835,367.2
1505.6123290896835,367.2
1505.6123290896835,367.2
1505.6123290896835,367.2
1505.6123290896835,367.2
1505.6123290896835,367.2
1505.6123290896835,367.2
1505.6123290896835,367.2
1505.6123290896835,367.2
1505.6123290896835,367.2
1505.6123290896835,367.2
1505.6123290896835,367.2
1505.6123290896835,367.2
1505.6123290896835,367.2
1505.6123290896835,367.2
1505.6123290896835,367.2
1505.6123290896835,367.2
1505.6123290896835,367.2
1505.6123290896835,367.2
1505.6123290896835,367.2
1505.6123290896835,367.2
1505.6123290896835,367.2
1505.6123290896835,367.2
1505.6123290896835,367.2
1505.6123290896835,367.2
1505.6123290896835,367.2
1505.6123290896835,367.2
1505.6123290896835,367.2
1505.6123290896835,367.2
1505.6123290896835,367.2
1505.6123290896835,367.2
1505.6123290896835,367.2
1505.6123290896835,367.2
1505.6123290896835,367.2
1505.6123290896835,367.2
1505.6123290896835,367.2
1505.6123290896835,367.2
1505.6123290896835,367.2
1505.6123290896835,367.2
1505.6123290896835,367.2
1505.6123290896835,367.2
1505.6123290896835,367.2
0.0,0.0
0.0,0.0
0.0,0.0
0.0,0.0
0.0,0.0
0.0,0.0
0.0,0.0
0.0,0.0
0.0,0.0
0.0,0.0
0.0,0.0
0.0,0.0
0.0,0.0
0.0,0.0
0.0,0.0
0.0,0.0
0.0,0.0
0.0,0.0
0.0,0.0
0.0,0.0
0.0,0.0
0.0,0.0
0.0,0.0
0.0,0.0
0.0,0.0
0.0,0.0
0.0,0.0
0.0,0.0
0.0,0.0
0.0,0.0
0.0,0.0
0.0,0.0
0.0,0.0
0.0,0.0
0.0,0.0
0.0,0.0
0.0,0.0
0.0,0.0
0.0,0.0
0.0,0.0
0.0,0.0
0.0,0.0
0.0,0.0
0.0,0.0
0.0,0.0
0.0,0.0
0.0,0.0
0.0,0.0
0.0,0.0
0.0,0.0
0.0,0.0
0.0,0.0
0.0,0.0
0.0,0.0
0.0,0.0
0.0,0.0
0.0,0.0
0.0,0.0
0.0,0.0
0.0,0.0
0.0,0.0
0.0,0.0
0.0,0.0
0.0,0.0
0.0,0.0
0.0,0.0
0.0,0.0
0.0,0.0
0.0,0.0
0.0,0.0
0.0,0.0
0.0,0.0
0.0,0.0
0.0,0.0
0.0,0.0
0.0,0.0
0.0,0.0
0.0,0.0
0.0,0.0
0.0,0.0
0.0,0.0
0.0,0.0
0.0,0.0
0.0,0.0
0.0,0.0
0.0,0.0
0.0,0.0
0.0,0.0
0.0,0.0
0.0,0.0
0.0,0.0
0.0,0.0
0.0,0.0
0.0,0.0
0.0,0.0
0.0,0.0
0.0,0.0
0.0,0.0
0.0,0.0
0.0,0.0
0.0,0.0
0.0,0.0
0.0,0.0
0.0,0.0
0.0,0.0
0.0,0.0
0.0,0.0
0.0,0.0
0.0,0.0
0.0,0.0
0.0,0.0
0.0,0.0
0.0,0.0
0.0,0.0
0.0,0.0
0.0,0.0
0.0,0.0
0.0,0.0
0.0,0.0
0.0,0.0
0.0,0.0
0.0,0.0
0.0,0.0
0.0,0.0
0.0,0.0
0.0,0.0
0.0,0.0
0.0,0.0
0.0,0.0
0.0,0.0
0.0,0.0
0.0,0.0
0.0,0.0
0.0,0.0
0.0,0.0
0.0,0.0
0.0,0.0
0.0,0.0
0.0,0.0
0.0,0.0
0.0,0.0
0.0,0.0
0.0,0.0
0.0,0.0
0.0,0.0
0.0,0.0
0.0,0.0
0.0,0.0
0.0,0.0
0.0,0.0
0.0,0.0
0.0,0.0
0.0,0.0
0.0,0.0
0.0,0.0
0.0,0.0
0.0,0.0
0.0,0.0
0.0,0.0
0.0,0.0
0.0,0.0
0.0,0.0
0.0,0.0
0.0,0.0
0.0,0.0
0.0,0.0
0.0,0.0
0.0,0.0
0.0,0.0
0.0,0.0
0.0,0.0
0.0,0.0
0.0,0.0
0.0,0.0
0.0,0.0
0.0,0.0
0.0,0.0
0.0,0.0
0.0,0.0
0.0,0.0
0.0,0.0
0.0,0.0
0.0,0.0
0.0,0.0
0.0,0.0
0.0,0.0
0.0,0.0
0.0,0.0
0.0,0.0
0.0,0.0
0.0,0.0
0.0,0.0
0.0,0.0
0.0,0.0
0.0,0.0
0.0,0.0
0.0,0.0
0.0,0.0
0.0,0.0
0.0,0.0
0.0,0.0
0.0,0.0
0.0,0.0
0.0,0.0
0.0,0.0
0.0,0.0
0.0,0.0
0.0,0.0
0.0,0.0
0.0,0.0
0.0,0.0
0.0,0.0
0.0,0.0
0.0,0.0
0.0,0.0
0.0,0.0
0.0,0.0
0.0,0.0
0.0,0.0
0.0,0.0
0.0,0.0
0.0,0.0
0.0,0.0
0.0,0.0
0.0,0.0
0.0,0.0
0.0,0.0
0.0,0.0
0.0,0.0
0.0,0.0
0.0,0.0
0.0,0.0
0.0,0.0
0.0,0.0
0.0,0.0
0.0,0.0
0.0,0.0
0.0,0.0
0.0,0.0
0.0,0.0
0.0,0.0
0.0,0.0
0.0,0.0
0.0,0.0
0.0,0.0
0.0,0.0
0.0,0.0
0.0,0.0
0.0,0.0
0.0,0.0
0.0,0.0
0.0,0.0
0.0,0.0
0.0,0.0
0.0,0.0
0.0,0.0
0.0,0.0
0.0,0.0
0.0,0.0
0.0,0.0
0.0,0.0
0.0,0.0
0.0,0.0
0.0,0.0
0.0,0.0
0.0,0.0
0.0,0.0
0.0,0.0
0.0,0.0
0.0,0.0
0.0,0.0
0.0,0.0
0.0,0.0
0.0,0.0
0.0,0.0
0.0,0.0
0.0,0.0
0.0,0.0
0.0,0.0
0.0,0.0
0.0,0.0
0.0,0.0
0.0,0.0
0.0,0.0
0.0,0.0
0.0,0.0
0.0,0.0
0.0,0.0
0.0,0.0
0.0,0.0
0.0,0.0
0.0,0.0
0.0,0.0
0.0,0.0
0.0,0.0
0.0,0.0
0.0,0.0
0.0,0.0
0.0,0.0
0.0,0.0
0.0,0.0
0.0,0.0
0.0,0.0
0.0,0.0
0.0,0.0
0.0,0.0
0.0,0.0
0.0,0.0
0.0,0.0
0.0,0.0
0.0,0.0
0.0,0.0
0.0,0.0
0.0,0.0
0.0,0.0
0.0,0.0
0.0,0.0
0.0,0.0
0.0,0.0
0.0,0.0
0.0,0.0
0.0,0.0
0.0,0.0
0.0,0.0
0.0,0.0
0.0,0.0
0.0,0.0
0.0,0.0
0.0,0.0
0.0,0.0
0.0,0.0
0.0,0.0
0.0,0.0
0.0,0.0
0.0,0.0
0.0,0.0
0.0,0.0
0.0,0.0
0.0,0.0
0.0,0.0
0.0,0.0
0.0,0.0
0.0,0.0
0.0,0.0
0.0,0.0
0.0,0.0
0.0,0.0
0.0,0.0
0.0,0.0
0.0,0.0
0.0,0.0
0.0,0.0
0.0,0.0
0.0,0.0
0.0,0.0
0.0,0.0
0.0,0.0
0.0,0.0
0.0,0.0
0.0,0.0
0.0,0.0
0.0,0.0
0.0,0.0
0.0,0.0
0.0,0.0
0.0,0.0
0.0,0.0
0.0,0.0
0.0,0.0
0.0,0.0
0.0,0.0
0.0,0.0
0.0,0.0
0.0,0.0
0.0,0.0
0.0,0.0
0.0,0.0
