0,0
0,0
0,0
0,0
0,0
0,0
832.6750659729795,905.4731373972804
839.379708548837,904.0575966350349
846.4276453548408,902.5695766957539
853.175086690905,901.1321060947733
859.5935556460597,899.7404172493366
864.3067723537337,901.3705244756543
857.9000122385114,903.3750623940781
851.2246874635663,904.8482740876597
844.5406285957811,906.5959882939345
837.9088047858527,908.3300443391298
831.3436743734397,910.1414000360231
824.7332064437526,912.3932539407696
819.4840114308583,916.3546579409331
813.3327802307371,918.869321012703
806.9399745509262,916.7821817767052
800.237436960414,916.1964129276377
793.7260888218051,917.0585591760114
786.9611779542753,918.2054784429448
780.2032090207068,919.374609514333
773.4208728293466,920.5479561301383
766.6634633890276,921.7169904089919
759.9403703567926,923.0502851487526
753.5299712730714,924.3569913516279
746.8260000464849,925.7235397788427
740.1490074553706,927.0845888370079
733.7667986829946,928.4165311932759
727.0518450924159,929.8202066130855
720.3371516678668,931.2238276485041
713.6320018393405,932.625453716873
707.2400433385006,933.9616111319682
700.5309883160162,935.3640535313356
693.8391942278646,936.76288775249
687.4357597096155,938.1014440826837
681.0659891892947,939.4329633833898
674.3546473180231,940.8358838193345
667.6083403012669,942.2461132730713
661.21313616963,943.5829491458966
654.8298518207673,944.9172933401328
648.124469523783,946.3189680030684
641.7087996317437,947.660081982129
635.2560084812269,948.5863321372628
628.7380924754112,948.855654668918
622.2862723456207,947.8430565390343
616.1184486423485,945.8031281442454
610.405280877287,942.6699087237296
605.2824211254664,939.1577297672412
599.8875287567652,935.4590480996163
594.7858584655299,931.3764107860563
590.4257118593493,926.1190585816354
587.6921769225171,920.2554184415811
586.3937918752775,913.8380005241601
585.3215991887843,907.392893212835
584.2533642665817,900.9715766024616
583.1840455804528,894.5437453283589
582.169159880048,888.4431187057027
581.0955885671397,881.9897242690323
579.9764722118643,875.5697231013279
578.7847198783543,869.158324730185
577.5936242853037,862.7504594964175
576.4578968446659,856.6404642749095
575.2637356009502,850.2161064301123
574.0711040489873,843.7999780327729
572.9386983291525,837.7078530303927
571.804303593124,831.6050275033932
570.6155875460709,825.2099637694866
569.3781758933782,818.786422862283
568.1078341238454,812.3575437202079
566.777987181554,805.9594216913771
565.5079215178974,799.8855702522576
564.2391692420939,793.8179998448438
562.9018114537329,787.422336407988
561.5664449705846,781.0361960157888
560.2314245869327,774.6517107796851
558.8952171189749,768.2615485349618
557.6264157781698,762.1861618685645
556.3250470356253,755.778479054222
555.0305648667455,749.4047043692804
553.7990036726898,743.3407401445576
552.5000109167423,736.9447562192283
551.2020044029704,730.5536283556995
549.9026876117633,724.156048944713
548.6672705933055,718.0730994017256
547.3642681805106,711.6573727175362
546.064568229765,705.2579067046122
544.7612711861544,698.8407293164425
543.4638298568385,692.760370824761
541.6878333429985,686.4814202377514
538.1565069688819,681.5560590059547
532.8949745437723,677.6842941837339
527.508703941194,674.0020457901375
522.0554287500668,670.4379409330793
516.8853978640486,667.0589564611461
511.70191137212026,663.6711777896357
506.12133589079303,660.2988353691189
500.27528033036623,657.4614026601802
494.2109254858953,656.2953073796426
487.67383721269107,656.3165728271796
481.59697771859794,657.4885047745861
475.5508134692076,658.7841113994555
469.4769890344678,660.0173995531113
463.0720993659126,661.289969148959
456.95983960939543,662.5043969268886
450.5600442599303,663.7759543467395
444.4550270447359,664.9889431244112
438.3642570912908,666.1991011535355
431.9175216948788,667.4784664024049
425.8221137182387,668.6823168004823
419.7440221271987,669.8827471916009
413.66793555465944,671.0827815891566
407.5905758292872,672.2830674359265
401.52014722860685,673.481984377243
395.4146906429199,674.6878193876789
389.3277805421951,675.7430331210519
383.17090553902403,676.0787113111978
377.1110970843901,674.9534298143305
371.3696663666539,672.5821504528536
365.8155320571049,669.7959439139308
360.2886244245786,667.0233955152917
355.04208936313614,664.3914947580942
349.4744098316556,661.598493319406
343.59734054144286,658.6502878973763
338.05531393496045,655.8701551333346
332.5207644881028,653.093773252847
326.925850705782,650.3604795144505
321.35415556228304,647.6811331577176
315.6126648620491,645.217864073166
309.2665618870478,645.2766404717619
303.40159810942845,642.8002953933917
297.38304012403387,639.9259353418875
291.682590953968,637.2034986037469
286.0112711147959,634.3565748169642
280.8813108948115,630.6660064427956
276.65522231196684,625.9449679744961
273.78521249339116,620.6883206972477
271.07378456578897,614.9141151151231
268.610648351267,609.2219009996842
266.15462043202945,603.5461138843098
263.7016047320732,597.8772878931355
261.24078116194556,592.1904182109391
258.78620579042894,586.5179878781054
256.34315416656324,580.7997015041809
253.92356472135046,575.0954658563519
251.5422016505752,569.5377552050475
250.97050206103003,565.3979926826073
250.62497666325473,558.9141985481452
248.517809163199,553.5175433798322
243.9213119530798,542.6887190370531
239.0453984916264,531.6468866629272
234.28666109526696,520.8714523526586
229.52609317429346,510.0919498309638
224.63375652625155,499.0140792680409
220.00617779339282,488.5357083156124
215.39129985000082,478.08609615716745
210.64816366949282,467.34606486945665
205.14015212183904,457.19713592084435
200.31926633351137,446.4998917501332
195.56927045117783,435.72366652390343
190.82417679115449,424.9585628760987
186.08803855992218,414.21377623909575
181.3569534735749,403.48045357568986
176.49346753818986,392.44675562676406
172.44561174250714,383.1924867983259
172.44561174250714,383.1924867983259
172.44561174250714,383.1924867983259
172.44561174250714,383.1924867983259
172.44561174250714,383.1924867983259
172.44561174250714,383.1924867983259
172.44561174250714,383.1924867983259
172.44561174250714,383.1924867983259
172.44561174250714,383.1924867983259
172.44561174250714,383.1924867983259
172.44561174250714,383.1924867983259
172.44561174250714,383.1924867983259
172.44561174250714,383.1924867983259
172.44561174250714,383.1924867983259
172.44561174250714,383.1924867983259
172.44561174250714,383.1924867983259
172.44561174250714,383.1924867983259
172.44561174250714,383.1924867983259
172.44561174250714,383.1924867983259
172.44561174250714,383.1924867983259
172.44561174250714,383.1924867983259
172.44561174250714,383.1924867983259
172.44561174250714,383.1924867983259
172.44561174250714,383.1924867983259
172.44561174250714,383.1924867983259
172.44561174250714,383.1924867983259
172.44561174250714,383.1924867983259
172.44561174250714,383.1924867983259
172.44561174250714,383.1924867983259
172.44561174250714,383.1924867983259
172.44561174250714,383.1924867983259
172.44561174250714,383.1924867983259
172.44561174250714,383.1924867983259
172.44561174250714,383.1924867983259
172.44561174250714,383.1924867983259
172.44561174250714,383.1924867983259
172.44561174250714,383.1924867983259
172.44561174250714,383.1924867983259
172.44561174250714,383.1924867983259
172.44561174250714,383.1924867983259
172.44561174250714,383.1924867983259
172.44561174250714,383.1924867983259
172.44561174250714,383.1924867983259
172.44561174250714,383.1924867983259
172.44561174250714,383.1924867983259
172.44561174250714,383.1924867983259
