0,0
0,0
0,0
0,0
0,0
0,0
0,0
0,0
0,0
0,0
0,0
0,0
0,0
0,0
0,0
0,0
0,0
0,0
0,0
0,0
0,0
0,0
0,0
0,0
0,0
0,0
0,0
0,0
0,0
0,0
0,0
0,0
0,0
0,0
0,0
0,0
0,0
0,0
0,0
0,0
0,0
0,0
0,0
2273.03126394774,310.38071403479864
2274.3330447026083,314.63150087597006
2275.849194450411,319.58455313125404
2277.2898853043416,324.2910915807534
2278.57029495721,328.4740134379233
2280.080850107278,333.40878891351184
2281.5203643733926,338.1114836127839
2282.9451208946734,342.76596679374177
2284.213214959144,346.9086553210733
2285.4851085265414,351.0637563007832
2286.677304653179,354.9584967262209
2287.8993060026837,359.7420486911183
2289.37465444498,365.075498590923
2290.7758001677976,370.14070237650685
2292.172004915667,375.18804431902595
2293.5686670298396,380.2370396609691
2295.0519408955142,385.5991403169696
2296.360422453727,390.3293590473229
2297.6664287878843,395.0506297331923
2298.975570880444,399.78323632443767
2300.2832431253164,404.5105293512543
2301.676767400545,409.54818126657176
2302.9007108046408,413.972790829166
2304.2954787875706,419.0149388028546
2305.5140311526297,423.42005952078887
2306.8139233238585,428.11922723713377
2308.0273538347647,432.5058322256748
2309.3333231794595,437.22696919300165
2310.7317489621746,442.282340274763
2312.03368611824,446.9889007017788
2313.4050983658694,452.03323564243533
2314.7560650741166,457.0747650456825
2316.1082077450787,462.12068289948604
2317.3758208738805,466.85115391833455
2318.8092093486844,472.20026437226664
2320.0749811466394,476.92386392378273
2321.4157837917332,481.9274631375332
2322.433306501864,485.7246482423024
2323.696181615459,490.43743796461774
2324.957370055858,495.14393337008573
2326.1422071045686,499.5655011131414
2327.4045855350237,504.2764373163144
2328.6740088374645,509.01366353021905
2330.1113684098286,513.6790369789135
2332.0743447392115,518.5174669157916
2333.581425921493,523.1955149440325
2333.5886148876584,527.3732832047764
2330.025959972061,529.3990935742747
2325.3588377657447,530.8930017000653
2321.342164497076,532.1787063740483
2316.981415150186,533.5745470218545
2312.617092045166,534.9715316007758
2308.2472561308236,536.3702807854389
2303.8930896448137,537.7640143126417
2301.8990624671387,538.3986562613188
2301.8990624671387,538.3986562613188
2301.8990624671387,538.3986562613188
2301.8990624671387,538.3986562613188
2301.8990624671387,538.3986562613188
2301.8990624671387,538.3986562613188
2301.8990624671387,538.3986562613188
2301.8990624671387,538.3986562613188
2301.8990624671387,538.3986562613188
2301.8990624671387,538.3986562613188
2301.8990624671387,538.3986562613188
2301.8990624671387,538.3986562613188
2301.8990624671387,538.3986562613188
2301.8990624671387,538.3986562613188
2301.8990624671387,538.3986562613188
2301.8990624671387,538.3986562613188
2301.8990624671387,538.3986562613188
2301.8990624671387,538.3986562613188
2301.8990624671387,538.3986562613188
2301.8990624671387,538.3986562613188
2301.8990624671387,538.3986562613188
2301.8990624671387,538.3986562613188
2301.8990624671387,538.3986562613188
2301.8990624671387,538.3986562613188
2301.8990624671387,538.3986562613188
2301.8990624671387,538.3986562613188
2301.8990624671387,538.3986562613188
2301.8990624671387,538.3986562613188
2301.8990624671387,538.3986562613188
2302.5274397470416,538.1822151982414
2299.856624476701,537.6902086084133
2297.381770328868,534.6282236398376
2295.8224993186386,531.3897287321352
2294.6854615574002,527.9902773741754
2290.4714283890344,525.1251580715142
2289.3771483246564,521.6890027021797
2288.290275590269,518.270866711426
2287.0964536752704,514.516383297589
2282.9670991030134,512.0701247440754
2281.8822859106867,508.65302877550135
2280.793311728349,505.2228259399641
2279.593508935434,501.44351968174817
2278.496009154418,497.9928287287173
2277.4041670655724,494.5663713498996
2276.3141155061094,491.1455330735853
2275.223094971184,487.72156822273416
2274.0326294034476,483.98536244227205
2272.944393591675,480.5699987050559
2271.8538699627934,477.14745478914386
2270.670007916031,473.431973768727
2269.5809535557673,470.01404106548057
2268.4862804817963,466.5784743615524
2267.430914690139,463.26644252051153
2266.2368847762336,459.5193161712112
2265.1454789613435,456.09424663222615
2264.0468025590217,452.64636040379133
2262.9604898459033,449.23727412923466
2261.97084547667,446.13155420613623
2260.7836444690447,442.40585845447913
2259.691550348372,438.9786288617934
2258.6073642434103,435.5762163475546
2257.512901351496,432.141553033962
2256.320921567624,428.4008604399451
2255.010023686869,425.0747644028529
2253.139603048075,422.0380043543928
2249.7303518403455,420.5430641867748
2246.964064400351,421.09987071869597
2243.8406277330505,422.04519970856444
2240.7133512490077,422.991690844642
2237.277290708639,424.03163753981886
2233.8461380564745,425.0700988298179
2230.713210459397,426.01830031303734
2227.2817500117053,427.0568547594105
2223.838812522628,428.0988828090916
2220.7091563234353,429.0460941818695
2217.259264960282,430.09022686803144
2214.122773358459,431.0395070211151
2211.003583579873,431.9835506617205
2207.8833711932702,432.927903801479
2204.7836846997548,433.8660446424638
2201.681089228348,434.80506590505604
2198.553763769099,435.75157186380716
2195.431257719088,436.696619196131
2192.2962147811218,437.645460901413
2189.1715252603058,438.59116907577413
2186.0403044304403,439.53885399448586
2182.920507468467,440.4830814032029
2179.8774797618034,441.4040905737684
2176.744368605173,442.3524068268623
2173.6614656894767,443.452275290683
2171.165773819137,445.4816900072965
2170.764507155038,448.6386486542582
2171.5017029787673,451.7988846711057
2171.777094423089,452.74674359574726
2171.777094423089,452.74674359574726
2171.777094423089,452.74674359574726
2171.777094423089,452.74674359574726
2171.777094423089,452.74674359574726
2171.777094423089,452.74674359574726
2171.777094423089,452.74674359574726
2171.777094423089,452.74674359574726
2171.777094423089,452.74674359574726
2171.777094423089,452.74674359574726
2171.777094423089,452.74674359574726
2171.777094423089,452.74674359574726
2171.777094423089,452.74674359574726
2171.777094423089,452.74674359574726
2171.777094423089,452.74674359574726
2171.777094423089,452.74674359574726
2171.777094423089,452.74674359574726
2171.777094423089,452.74674359574726
2171.777094423089,452.74674359574726
2171.777094423089,452.74674359574726
2171.777094423089,452.74674359574726
2171.777094423089,452.74674359574726
2171.777094423089,452.74674359574726
2171.777094423089,452.74674359574726
2171.777094423089,452.74674359574726
2171.777094423089,452.74674359574726
2171.777094423089,452.74674359574726
2171.777094423089,452.74674359574726
2171.777094423089,452.74674359574726
2171.777094423089,452.74674359574726
2171.777094423089,452.74674359574726
2171.777094423089,452.74674359574726
2171.777094423089,452.74674359574726
2171.777094423089,452.74674359574726
2171.777094423089,452.74674359574726
2171.777094423089,452.74674359574726
2171.777094423089,452.74674359574726
2171.777094423089,452.74674359574726
2171.777094423089,452.74674359574726
2171.777094423089,452.74674359574726
2171.777094423089,452.74674359574726
2171.777094423089,452.74674359574726
2171.777094423089,452.74674359574726
2171.777094423089,452.74674359574726
2171.777094423089,452.74674359574726
2171.777094423089,452.74674359574726
2171.777094423089,452.74674359574726
2171.777094423089,452.74674359574726
2171.777094423089,452.74674359574726
2171.777094423089,452.74674359574726
2171.777094423089,452.74674359574726
2171.777094423089,452.74674359574726
2171.777094423089,452.74674359574726
2171.777094423089,452.74674359574726
2171.777094423089,452.74674359574726
2171.777094423089,452.74674359574726
2171.777094423089,452.74674359574726
2171.777094423089,452.74674359574726
2171.777094423089,452.74674359574726
2171.777094423089,452.74674359574726
2171.777094423089,452.74674359574726
2171.777094423089,452.74674359574726
2171.777094423089,452.74674359574726
2171.777094423089,452.74674359574726
2171.777094423089,452.74674359574726
2171.777094423089,452.74674359574726
2171.777094423089,452.74674359574726
2171.777094423089,452.74674359574726
2171.777094423089,452.74674359574726
2171.777094423089,452.74674359574726
2171.777094423089,452.74674359574726
2171.777094423089,452.74674359574726
2171.777094423089,452.74674359574726
2171.777094423089,452.74674359574726
2171.777094423089,452.74674359574726
2171.777094423089,452.74674359574726
2171.777094423089,452.74674359574726
2171.777094423089,452.74674359574726
2171.777094423089,452.74674359574726
2171.777094423089,452.74674359574726
2171.777094423089,452.74674359574726
2171.777094423089,452.74674359574726
2171.777094423089,452.74674359574726
2171.777094423089,452.74674359574726
2171.777094423089,452.74674359574726
2171.777094423089,452.74674359574726
2171.777094423089,452.74674359574726
2171.777094423089,452.74674359574726
2171.777094423089,452.74674359574726
2171.777094423089,452.74674359574726
2171.777094423089,452.74674359574726
2171.777094423089,452.74674359574726
2171.777094423089,452.74674359574726
2171.777094423089,452.74674359574726
2171.777094423089,452.74674359574726
2171.777094423089,452.74674359574726
2171.777094423089,452.74674359574726
2171.777094423089,452.74674359574726
2171.777094423089,452.74674359574726
2171.777094423089,452.74674359574726
2171.777094423089,452.74674359574726
0.0,0.0
0.0,0.0
0.0,0.0
0.0,0.0
0.0,0.0
0.0,0.0
0.0,0.0
0.0,0.0
0.0,0.0
0.0,0.0
0.0,0.0
0.0,0.0
0.0,0.0
0.0,0.0
0.0,0.0
0.0,0.0
0.0,0.0
0.0,0.0
0.0,0.0
0.0,0.0
0.0,0.0
0.0,0.0
0.0,0.0
0.0,0.0
0.0,0.0
0.0,0.0
0.0,0.0
0.0,0.0
0.0,0.0
0.0,0.0
0.0,0.0
0.0,0.0
0.0,0.0
0.0,0.0
0.0,0.0
0.0,0.0
0.0,0.0
0.0,0.0
0.0,0.0
0.0,0.0
0.0,0.0
0.0,0.0
0.0,0.0
0.0,0.0
0.0,0.0
0.0,0.0
0.0,0.0
0.0,0.0
0.0,0.0
0.0,0.0
0.0,0.0
0.0,0.0
0.0,0.0
0.0,0.0
0.0,0.0
0.0,0.0
0.0,0.0
0.0,0.0
0.0,0.0
0.0,0.0
0.0,0.0
0.0,0.0
0.0,0.0
0.0,0.0
0.0,0.0
0.0,0.0
0.0,0.0
0.0,0.0
0.0,0.0
0.0,0.0
0.0,0.0
0.0,0.0
0.0,0.0
0.0,0.0
0.0,0.0
0.0,0.0
0.0,0.0
0.0,0.0
0.0,0.0
0.0,0.0
0.0,0.0
0.0,0.0
0.0,0.0
0.0,0.0
0.0,0.0
0.0,0.0
0.0,0.0
0.0,0.0
0.0,0.0
0.0,0.0
0.0,0.0
0.0,0.0
0.0,0.0
0.0,0.0
0.0,0.0
0.0,0.0
0.0,0.0
0.0,0.0
0.0,0.0
0.0,0.0
0.0,0.0
0.0,0.0
0.0,0.0
0.0,0.0
0.0,0.0
0.0,0.0
0.0,0.0
0.0,0.0
0.0,0.0
0.0,0.0
0.0,0.0
0.0,0.0
0.0,0.0
0.0,0.0
0.0,0.0
0.0,0.0
0.0,0.0
0.0,0.0
0.0,0.0
0.0,0.0
0.0,0.0
0.0,0.0
0.0,0.0
0.0,0.0
0.0,0.0
0.0,0.0
0.0,0.0
0.0,0.0
0.0,0.0
0.0,0.0
0.0,0.0
0.0,0.0
0.0,0.0
0.0,0.0
0.0,0.0
0.0,0.0
0.0,0.0
0.0,0.0
0.0,0.0
0.0,0.0
0.0,0.0
0.0,0.0
0.0,0.0
0.0,0.0
0.0,0.0
0.0,0.0
0.0,0.0
0.0,0.0
0.0,0.0
0.0,0.0
0.0,0.0
0.0,0.0
0.0,0.0
0.0,0.0
0.0,0.0
0.0,0.0
0.0,0.0
0.0,0.0
0.0,0.0
0.0,0.0
0.0,0.0
0.0,0.0
0.0,0.0
0.0,0.0
0.0,0.0
0.0,0.0
0.0,0.0
0.0,0.0
0.0,0.0
0.0,0.0
0.0,0.0
0.0,0.0
0.0,0.0
0.0,0.0
0.0,0.0
0.0,0.0
0.0,0.0
0.0,0.0
0.0,0.0
0.0,0.0
0.0,0.0
0.0,0.0
0.0,0.0
0.0,0.0
0.0,0.0
0.0,0.0
0.0,0.0
0.0,0.0
0.0,0.0
0.0,0.0
0.0,0.0
0.0,0.0
0.0,0.0
0.0,0.0
0.0,0.0
0.0,0.0
0.0,0.0
0.0,0.0
0.0,0.0
0.0,0.0
0.0,0.0
0.0,0.0
0.0,0.0
0.0,0.0
0.0,0.0
0.0,0.0
0.0,0.0
0.0,0.0
0.0,0.0
0.0,0.0
0.0,0.0
0.0,0.0
0.0,0.0
0.0,0.0
0.0,0.0
0.0,0.0
0.0,0.0
0.0,0.0
0.0,0.0
0.0,0.0
0.0,0.0
0.0,0.0
0.0,0.0
0.0,0.0
0.0,0.0
0.0,0.0
0.0,0.0
0.0,0.0
0.0,0.0
0.0,0.0
0.0,0.0
0.0,0.0
0.0,0.0
0.0,0.0
0.0,0.0
0.0,0.0
0.0,0.0
0.0,0.0
0.0,0.0
0.0,0.0
0.0,0.0
0.0,0.0
0.0,0.0
0.0,0.0
0.0,0.0
0.0,0.0
0.0,0.0
0.0,0.0
0.0,0.0
0.0,0.0
0.0,0.0
0.0,0.0
0.0,0.0
0.0,0.0
0.0,0.0
0.0,0.0
0.0,0.0
0.0,0.0
0.0,0.0
0.0,0.0
0.0,0.0
0.0,0.0
0.0,0.0
0.0,0.0
0.0,0.0
0.0,0.0
0.0,0.0
0.0,0.0
0.0,0.0
0.0,0.0
0.0,0.0
0.0,0.0
0.0,0.0
0.0,0.0
0.0,0.0
0.0,0.0
0.0,0.0
0.0,0.0
0.0,0.0
0.0,0.0
0.0,0.0
0.0,0.0
0.0,0.0
0.0,0.0
0.0,0.0
0.0,0.0
0.0,0.0
0.0,0.0
0.0,0.0
0.0,0.0
0.0,0.0
0.0,0.0
0.0,0.0
0.0,0.0
0.0,0.0
0.0,0.0
0.0,0.0
0.0,0.0
0.0,0.0
0.0,0.0
0.0,0.0
0.0,0.0
0.0,0.0
0.0,0.0
0.0,0.0
0.0,0.0
0.0,0.0
0.0,0.0
0.0,0.0
0.0,0.0
0.0,0.0
0.0,0.0
0.0,0.0
0.0,0.0
0.0,0.0
0.0,0.0
0.0,0.0
0.0,0.0
0.0,0.0
0.0,0.0
0.0,0.0
0.0,0.0
0.0,0.0
0.0,0.0
0.0,0.0
0.0,0.0
0.0,0.0
0.0,0.0
0.0,0.0
0.0,0.0
0.0,0.0
0.0,0.0
0.0,0.0
0.0,0.0
0.0,0.0
0.0,0.0
0.0,0.0
0.0,0.0
0.0,0.0
0.0,0.0
0.0,0.0
0.0,0.0
0.0,0.0
0.0,0.0
0.0,0.0
0.0,0.0
0.0,0.0
0.0,0.0
0.0,0.0
0.0,0.0
0.0,0.0
0.0,0.0
0.0,0.0
0.0,0.0
0.0,0.0
0.0,0.0
0.0,0.0
0.0,0.0
0.0,0.0
0.0,0.0
0.0,0.0
0.0,0.0
0.0,0.0
0.0,0.0
0.0,0.0
0.0,0.0
0.0,0.0
0.0,0.0
0.0,0.0
0.0,0.0
0.0,0.0
0.0,0.0
0.0,0.0
0.0,0.0
0.0,0.0
0.0,0.0
0.0,0.0
0.0,0.0
0.0,0.0
0.0,0.0
0.0,0.0
0.0,0.0
0.0,0.0
0.0,0.0
0.0,0.0
0.0,0.0
0.0,0.0
0.0,0.0
0.0,0.0
0.0,0.0
0.0,0.0
0.0,0.0
0.0,0.0
0.0,0.0
0.0,0.0
0.0,0.0
0.0,0.0
0.0,0.0
0.0,0.0
0.0,0.0
0.0,0.0
0.0,0.0
0.0,0.0
0.0,0.0
0.0,0.0
0.0,0.0
0.0,0.0
0.0,0.0
0.0,0.0
0.0,0.0
0.0,0.0
0.0,0.0
0.0,0.0
0.0,0.0
0.0,0.0
0.0,0.0
0.0,0.0
0.0,0.0
0.0,0.0
0.0,0.0
0.0,0.0
0.0,0.0
0.0,0.0
0.0,0.0
0.0,0.0
0.0,0.0
0.0,0.0
0.0,0.0
0.0,0.0
0.0,0.0
0.0,0.0
0.0,0.0
0.0,0.0
0.0,0.0
0.0,0.0
0.0,0.0
0.0,0.0
0.0,0.0
0.0,0.0
0.0,0.0
0.0,0.0
0.0,0.0
0.0,0.0
0.0,0.0
0.0,0.0
0.0,0.0
0.0,0.0
0.0,0.0
0.0,0.0
0.0,0.0
0.0,0.0
0.0,0.0
0.0,0.0
0.0,0.0
0.0,0.0
0.0,0.0
0.0,0.0
0.0,0.0
0.0,0.0
0.0,0.0
0.0,0.0
0.0,0.0
0.0,0.0
0.0,0.0
0.0,0.0
0.0,0.0
0.0,0.0
0.0,0.0
0.0,0.0
0.0,0.0
0.0,0.0
0.0,0.0
0.0,0.0
0.0,0.0
0.0,0.0
0.0,0.0
0.0,0.0
0.0,0.0
0.0,0.0
0.0,0.0
0.0,0.0
0.0,0.0
0.0,0.0
0.0,0.0
0.0,0.0
0.0,0.0
0.0,0.0
0.0,0.0
0.0,0.0
0.0,0.0
0.0,0.0
0.0,0.0
0.0,0.0
0.0,0.0
0.0,0.0
0.0,0.0
0.0,0.0
0.0,0.0
0.0,0.0
0.0,0.0
0.0,0.0
0.0,0.0
0.0,0.0
0.0,0.0
0.0,0.0
0.0,0.0
0.0,0.0
0.0,0.0
0.0,0.0
0.0,0.0
0.0,0.0
0.0,0.0
0.0,0.0
0.0,0.0
0.0,0.0
0.0,0.0
0.0,0.0
0.0,0.0
0.0,0.0
0.0,0.0
0.0,0.0
0.0,0.0
0.0,0.0
0.0,0.0
0.0,0.0
0.0,0.0
0.0,0.0
0.0,0.0
0.0,0.0
0.0,0.0
0.0,0.0
0.0,0.0
0.0,0.0
0.0,0.0
0.0,0.0
0.0,0.0
0.0,0.0
0.0,0.0
0.0,0.0
0.0,0.0
0.0,0.0
0.0,0.0
0.0,0.0
0.0,0.0
0.0,0.0
0.0,0.0
0.0,0.0
0.0,0.0
0.0,0.0
0.0,0.0
0.0,0.0
0.0,0.0
0.0,0.0
0.0,0.0
0.0,0.0
0.0,0.0
0.0,0.0
0.0,0.0
0.0,0.0
0.0,0.0
0.0,0.0
0.0,0.0
0.0,0.0
0.0,0.0
0.0,0.0
0.0,0.0
0.0,0.0
0.0,0.0
0.0,0.0
0.0,0.0
0.0,0.0
0.0,0.0
0.0,0.0
0.0,0.0
0.0,0.0
0.0,0.0
0.0,0.0
0.0,0.0
0.0,0.0
0.0,0.0
0.0,0.0
0.0,0.0
0.0,0.0
0.0,0.0
0.0,0.0
0.0,0.0
0.0,0.0
0.0,0.0
0.0,0.0
0.0,0.0
0.0,0.0
0.0,0.0
0.0,0.0
0.0,0.0
0.0,0.0
0.0,0.0
0.0,0.0
0.0,0.0
0.0,0.0
0.0,0.0
0.0,0.0
0.0,0.0
0.0,0.0
0.0,0.0
0.0,0.0
0.0,0.0
0.0,0.0
0.0,0.0
0.0,0.0
0.0,0.0
0.0,0.0
0.0,0.0
0.0,0.0
0.0,0.0
0.0,0.0
0.0,0.0
0.0,0.0
0.0,0.0
0.0,0.0
0.0,0.0
0.0,0.0
0.0,0.0
0.0,0.0
0.0,0.0
0.0,0.0
0.0,0.0
0.0,0.0
0.0,0.0
0.0,0.0
0.0,0.0
0.0,0.0
0.0,0.0
0.0,0.0
0.0,0.0
0.0,0.0
0.0,0.0
0.0,0.0
