0,0
0,0
0,0
0,0
0,0
0,0
0,0
0,0
0,0
0,0
0,0
0,0
0,0
1726.5076342873351,770.1325547649586
1730.0251334097518,780.4913992021842
1733.7435416956575,791.4419102463269
1737.227248726425,802.5361653441671
1740.1587817927275,812.6060413085513
1740.110420120078,824.1138745014395
1743.2737481501322,835.216252078921
1746.4153461172002,846.225995300468
1749.6429934892333,857.3415344110203
1755.8465284448466,867.0136437510994
1759.1185375264463,878.0894716623394
1762.3903273089359,889.16455724092
1765.6635167644497,900.2443807456988
1768.9361198875076,911.3222195012859
1772.2185751072955,922.4080019391475
1775.3609181665367,932.9571147517909
1778.662110935428,944.0394995451701
1781.9555893653303,955.0959866466881
1783.7274208602093,961.0473151339332
1783.7274208602093,961.0473151339332
1783.7274208602093,961.0473151339332
1783.7274208602093,961.0473151339332
1783.7274208602093,961.0473151339332
1783.7274208602093,961.0473151339332
1783.7274208602093,961.0473151339332
1783.7274208602093,961.0473151339332
1783.7274208602093,961.0473151339332
1783.7274208602093,961.0473151339332
1783.7274208602093,961.0473151339332
1783.7274208602093,961.0473151339332
1783.7274208602093,961.0473151339332
1783.7274208602093,961.0473151339332
1783.7274208602093,961.0473151339332
1783.7274208602093,961.0473151339332
1783.7274208602093,961.0473151339332
1783.7274208602093,961.0473151339332
1783.7274208602093,961.0473151339332
1783.7274208602093,961.0473151339332
1783.7274208602093,961.0473151339332
1783.7274208602093,961.0473151339332
1783.7274208602093,961.0473151339332
1783.7274208602093,961.0473151339332
1783.7274208602093,961.0473151339332
1783.7274208602093,961.0473151339332
1784.186066420119,965.1715405003977
1777.0876854807073,972.3915392306372
1766.3853863629981,974.9707797051984
1756.1193815070526,976.9141103903038
1745.2821767085218,978.9655678872832
1734.4886026133975,980.9916624596103
1723.7095436155914,983.0130145983443
1712.9315091847864,985.0341746042864
1702.676838528708,986.9571903765255
1691.928941693603,988.9726988043905
1681.1297405152338,990.9978281225395
1670.8734498288864,992.9211476923225
1660.637397542818,994.840672039007
1649.8592550332326,996.8618523125137
1639.079523206634,998.8833306240351
1628.2963121076066,1000.905461389056
1617.5251200531688,1002.9253382725932
1607.2844090966055,1004.8457362403954
1597.057311974116,1006.7635812624694
1586.5990689307935,1009.9550340202117
1577.1366442738529,1015.4037524195935
1573.5393440547875,1020.4334405478759
1581.3471578777846,1027.6213695742804
1589.873167294128,1033.5653824971778
1598.8323578329425,1039.8113929976278
1607.7877860064216,1046.0547805185472
1616.292435638836,1051.9839022038793
1625.2564371602878,1058.2332667403819
1634.2383295576687,1064.495104122331
1643.1984416068822,1070.7417570651537
1651.724548748216,1076.685838118237
1660.690764862969,1082.9367465858518
1670.6755926243982,1087.331108913379
1680.9368182928174,1089.400234477438
1691.2176641972667,1088.5968416105757
1701.858004464587,1086.367038135145
1711.9779426768016,1084.2462907878028
1722.619323342519,1082.016269285138
1733.2691471162607,1079.7844784338297
1743.3837898834686,1077.6648408067954
1754.047185912835,1075.4302057360355
1764.1681869066474,1073.3092356708062
1774.8178320725724,1071.077482248783
1785.4729336060493,1068.8445853833152
1795.568706973235,1066.642954641811
1798.5649276449603,1065.944127662983
1798.5649276449603,1065.944127662983
1798.5649276449603,1065.944127662983
1798.5649276449603,1065.944127662983
1798.5649276449603,1065.944127662983
1798.5649276449603,1065.944127662983
1798.5649276449603,1065.944127662983
1798.5649276449603,1065.944127662983
1799.494068149989,1065.7373706358997
1808.270610351508,1064.0795596381197
1818.5230876922285,1062.1411296534634
1828.7836222010706,1060.1244098224436
1839.0353272781638,1058.0964265987263
1849.2809585290177,1056.069644893939
1859.0186691462948,1054.1433395992833
1869.8015395016419,1052.0102817304
1880.048810829075,1049.9831755871157
1890.3106202128643,1047.9531935383918
1900.5885524124221,1045.937482627037
1910.8617380231503,1043.9901027663802
1921.7257364581203,1045.1350788312843
1931.9785901492062,1043.0632347628161
1941.7072214596121,1041.1138419311455
1951.935892639743,1039.0619161576424
1962.1862791235299,1037.0041221332938
1972.987402197572,1034.8346348204495
1983.222306980679,1032.781925372345
1994.106332464888,1033.860919457758
1997.6880798389363,1033.1381453239815
1997.6880798389363,1033.1381453239815
1997.6880798389363,1033.1381453239815
1997.6880798389363,1033.1381453239815
2000.606526783303,1032.5309986659095
2010.8923343825725,1030.296513308021
2021.1168216518547,1028.0555289328483
2031.3259858783604,1025.7638823538016
2041.564083228163,1023.5587905334338
2051.0772068880774,1021.6237328628893
2061.4690322254346,1020.1125710110424
2071.847833687389,1018.4912280099061
2082.143053124394,1016.4643047641053
2092.1621661384797,1013.6226783135426
2102.1752664054684,1010.8289514268496
2112.4540302733158,1008.7506859939364
2122.7108681558757,1006.5584892757007
2130.9854744750232,1004.5433766364939
2135.9297129196843,1005.6988541136056
2137.1457726272492,1015.9358609357289
2138.341520014872,1026.9873752304236
2141.201699018136,1046.7167059020803
2147.8559897029418,1066.2258740216553
2151.2629829794455,1085.7167820150921
2154.8773235899534,1105.7446507969908
2158.396278567526,1125.2439664772364
2161.9167508463565,1144.751689862725
2165.438414883988,1164.2660170499719
2168.7611479941143,1182.6780235258982
2172.376266688442,1202.7102038440662
2175.729695029728,1222.2619265319177
2177.225302721697,1230.9333292655024
2177.225302721697,1230.9333292655024
2177.225302721697,1230.9333292655024
2177.225302721697,1230.9333292655024
2177.225302721697,1230.9333292655024
2177.225302721697,1230.9333292655024
2177.225302721697,1230.9333292655024
2177.225302721697,1230.9333292655024
2177.225302721697,1230.9333292655024
2177.225302721697,1230.9333292655024
2177.225302721697,1230.9333292655024
2177.225302721697,1230.9333292655024
2177.225302721697,1230.9333292655024
2177.225302721697,1230.9333292655024
2177.225302721697,1230.9333292655024
2177.225302721697,1230.9333292655024
2177.225302721697,1230.9333292655024
2177.225302721697,1230.9333292655024
2177.225302721697,1230.9333292655024
2177.225302721697,1230.9333292655024
2177.225302721697,1230.9333292655024
2177.225302721697,1230.9333292655024
2177.225302721697,1230.9333292655024
2177.225302721697,1230.9333292655024
2177.225302721697,1230.9333292655024
2177.225302721697,1230.9333292655024
2177.225302721697,1230.9333292655024
2177.225302721697,1230.9333292655024
2177.225302721697,1230.9333292655024
2177.225302721697,1230.9333292655024
2177.225302721697,1230.9333292655024
2177.225302721697,1230.9333292655024
2177.225302721697,1230.9333292655024
2177.225302721697,1230.9333292655024
2177.225302721697,1230.9333292655024
2177.225302721697,1230.9333292655024
2177.225302721697,1230.9333292655024
2177.225302721697,1230.9333292655024
2177.225302721697,1230.9333292655024
2177.225302721697,1230.9333292655024
2177.225302721697,1230.9333292655024
2177.225302721697,1230.9333292655024
2177.225302721697,1230.9333292655024
2177.225302721697,1230.9333292655024
2177.225302721697,1230.9333292655024
2177.225302721697,1230.9333292655024
2177.225302721697,1230.9333292655024
2177.225302721697,1230.9333292655024
2177.225302721697,1230.9333292655024
2177.225302721697,1230.9333292655024
2177.225302721697,1230.9333292655024
2177.225302721697,1230.9333292655024
