0,0
0,0
0,0
0,0
0,0
0,0
0,0
0,0
0,0
0,0
1655.357441860465,350.0866511627907
1649.1952181860677,350.3909348783898
1637.6411688369008,350.961460917681
1626.1918779648834,351.52669240804323
1614.6212745136659,352.14153461641155
1609.4610001005153,352.4577616517814
1609.4610001005153,352.4577616517814
1609.4610001005153,352.4577616517814
1609.4610001005153,352.4577616517814
1609.4610001005153,352.4577616517814
1607.6637871282949,352.57573490101936
1597.446567349928,353.58075269676687
1586.7064769059234,355.45289603791633
1574.857747857924,355.3321084751969
1563.2060659814126,354.6614181705425
1551.5387872557092,353.9084389630849
1540.2487197510013,350.96466935553576
1529.1269354989868,347.73723060120466
1518.5257196273442,344.6521945904758
1507.4354280554771,341.4056708372636
1496.3500493647223,338.1380074352174
1485.7690902852962,335.01903299988976
1474.696069054637,331.7550122357022
1463.6057364753249,328.48588856416154
1452.5193762956812,325.2179358463047
1441.9422094411007,322.1000792541006
1430.8778968437405,318.8386255544317
1419.8028127312227,315.57399670965975
1409.2412436289474,312.46073790394394
1398.6545352727478,309.3407428749596
1387.758314361996,307.386126943713
1383.316698589678,306.92738520261685
1381.3767667483476,306.72702394758755
1375.9823219187413,306.4429471050541
1369.403731363341,307.3679455615668
1365.0334916135512,311.88745252661033
1362.0337735654323,317.6935560851798
1359.043402017501,323.5132416320632
1356.0534521482687,329.3321065326186
1353.0678167041601,335.14257495229083
1350.0745234184217,340.96794661376384
1347.2454200875875,346.4737814243195
1344.2605010242657,352.2828556657619
1341.266918459041,358.10879030598807
1338.13520063623,364.2035556748397
1335.1502490573766,370.01269319610094
1332.17363655685,375.8056016926961
1329.1857703941264,381.62041140597506
1326.1985589165558,387.4339470094446
1323.215341734558,393.2397091493693
1320.3780497779155,398.75833065831836
1317.4001614816898,404.53814112417484
1314.4279761932396,410.30688257039424
1311.431815695139,416.1144308944547
1308.4286002835636,421.9374743024536
1305.5840798049344,427.45281834276375
1302.5894937405353,433.2591299961914
1299.608363157437,439.0393523283576
1296.781954859827,444.5586349825767
1293.9644469767286,450.07927666639006
1290.998793736115,455.8901952437905
1288.0459861146478,461.6933206048238
1285.1084241299038,467.54302685627306
1282.1703034550487,473.39384565379027
1279.3763059797127,478.952756608019
1276.5810804654727,484.53380282471363
1274.0158928073433,490.50809981351597
1271.6438555944937,496.54742388259564
1269.0937023461295,503.15204047945736
1264.517062131815,507.6196478209689
1255.177623705757,505.48405729798327
1244.6404849086648,502.2757132978965
1234.0227855108951,499.34718975438506
1223.7906451550841,497.19025383286026
1212.9190463087928,495.5701646432773
1201.9329350948708,495.02
1190.9272556322871,495.3196655586031
1180.483650853045,495.969542625641
1169.4950854949307,496.93358400044474
1158.4955865537124,498.0123099108012
1148.4215278465567,501.81
1138.4462971934227,500.19741579606426
1127.4946183179047,501.2670147614101
1117.0875835136562,502.2813352142394
1106.1310987511918,503.3492077441884
1095.1618727125106,504.4183221011616
1084.7593310526383,505.4322046301899
1073.815769029924,506.49881764679225
1063.488963302836,507.4926587969986
1052.5518997201082,508.5378389345972
1041.6950955197167,509.5582109068173
1031.2826548864014,510.5356154821221
1020.3166653221894,511.56571547378695
1009.9089111714753,512.5436697577368
999.4926078845416,513.5224273527823
989.079456799957,514.5008887542642
978.1286087196565,515.5298743200195
967.7197153199222,516.5079356523723
956.3577261541454,518.4139701097969
946.9849810457287,524.1325686382629
940.5544856286004,532.3502195076134
934.1702604630085,541.2298411582893
930.0245429682062,550.7871137478031
923.3459663520478,558.373092867094
914.2628489853662,554.6785586130363
905.9294382162379,548.3771961655264
897.972806002268,542.4847171919849
887.2123043479351,538.4973476700985
878.8069784191694,532.2744396013893
870.4172587251352,525.9834260383038
862.0911044814355,519.7194699476446
853.6848388221784,513.4765021573068
845.2693924359884,507.21520094637344
836.9004482822261,500.9606724926726
828.9650552468753,495.01098143346354
820.6008655891135,488.7397930748502
812.2420680547175,482.47264754915466
803.4351868677181,475.8695439568837
795.0720850468067,469.5991712217882
786.7112165954917,463.330472992172
778.3322747449415,457.07759121716896
769.9391582799816,450.8226482502276
761.5432781667092,444.56564568329776
753.1628972292805,438.3201938271605
744.7853974632089,432.07688915468185
735.9601287584017,425.49988612523964
727.5749390250148,419.2508505294293
719.1804691411143,412.9948989313889
710.7902730737866,406.74213238136093
702.8353662704708,400.8137637509715
694.4567624417238,394.56963627934584
686.057850771053,388.3103744540455
677.6639005248602,381.44606714006994
670.5460268913645,373.1397081241869
667.6744047653604,366.9129034497123
665.1719063597322,357.4765637923197
665.4875202769625,346.1906780287653
667.1369105214759,335.5040689154546
669.3711655351219,325.20940308618236
671.9703207974965,315.0001819458839
674.7116600973133,304.23247616948726
679.8179641776799,284.50023048276654
684.7947161303714,265.341960735372
689.7839601927589,246.1356019512843
694.911268726918,226.39775668406858
699.8782217021281,207.23757716719552
704.8462917529864,188.03492781303555
709.8122897623955,168.84028734059217
714.503759202874,150.70675828423362
719.529584032343,130.99483119019519
722.6665702064473,118.67723036654266
722.6665702064473,118.67723036654266
722.6665702064473,118.67723036654266
722.6665702064473,118.67723036654266
722.6665702064473,118.67723036654266
722.6665702064473,118.67723036654266
722.6665702064473,118.67723036654266
722.6665702064473,118.67723036654266
722.6665702064473,118.67723036654266
722.6665702064473,118.67723036654266
722.6665702064473,118.67723036654266
722.6665702064473,118.67723036654266
722.6665702064473,118.67723036654266
722.6665702064473,118.67723036654266
722.6665702064473,118.67723036654266
722.6665702064473,118.67723036654266
722.6665702064473,118.67723036654266
722.6665702064473,118.67723036654266
722.6665702064473,118.67723036654266
722.6665702064473,118.67723036654266
722.6665702064473,118.67723036654266
722.6665702064473,118.67723036654266
722.6665702064473,118.67723036654266
722.6665702064473,118.67723036654266
722.6665702064473,118.67723036654266
722.6665702064473,118.67723036654266
722.6665702064473,118.67723036654266
722.6665702064473,118.67723036654266
722.6665702064473,118.67723036654266
722.6665702064473,118.67723036654266
722.6665702064473,118.67723036654266
722.6665702064473,118.67723036654266
722.6665702064473,118.67723036654266
722.6665702064473,118.67723036654266
722.6665702064473,118.67723036654266
722.6665702064473,118.67723036654266
722.6665702064473,118.67723036654266
722.6665702064473,118.67723036654266
722.6665702064473,118.67723036654266
722.6665702064473,118.67723036654266
722.6665702064473,118.67723036654266
722.6665702064473,118.67723036654266
722.6665702064473,118.67723036654266
722.6665702064473,118.67723036654266
722.6665702064473,118.67723036654266
722.6665702064473,118.67723036654266
722.6665702064473,118.67723036654266
722.6665702064473,118.67723036654266
722.6665702064473,118.67723036654266
722.6665702064473,118.67723036654266
722.6665702064473,118.67723036654266
722.6665702064473,118.67723036654266
722.6665702064473,118.67723036654266
