0,0
0,0
0,0
0,0
0,0
0,0
0,0
0,0
0,0
0,0
0,0
0,0
0,0
0,0
0,0
0,0
0,0
0,0
0,0
0,0
0,0
0,0
0,0
0,0
0,0
2111.244158631556,868.2156513226822
2113.2636583643484,879.0536332220016
2115.190657415586,890.4437783188472
2116.57386249796,901.9049876086997
2118.636179942725,913.2892965744296
2120.5989989179125,924.1243587100128
2122.6652528887303,935.4907285971407
2124.723648171209,946.843547087764
2126.6869667347164,957.6719819760992
2128.7731417953087,969.0710682107641
2130.9416077304836,980.4094521855345
2133.1068725681903,991.7976001506466
2136.4975745409197,1002.2690258014034
2133.719306644861,1012.1584462674037
2129.630616406239,1013.583901120629
2118.826230023801,1015.71615819563
2109.654060856666,1017.5240629912945
2106.1952449497244,1021.4452712005904
2095.509355976028,1023.4536725200682
2085.27385319992,1028.6331636936304
2074.4161486388025,1030.6760239093394
2063.6082449792934,1032.7095141629143
2052.184277426874,1031.511618856039
2041.3226350503785,1033.4795362830837
2029.8885762311986,1035.1125272067404
2019.5236080772374,1036.5928325984721
2008.6315047801952,1038.148422446739
1997.8119916563292,1040.1724155658737
1986.991239021831,1042.2825200004997
1976.2026918757033,1044.3905499033865
1964.9681054418336,1046.5798441326745
1954.1483474025777,1048.6938494607953
1943.4275247250878,1050.784598597724
1933.208009814926,1052.9837469328356
1922.849139332247,1056.4136706041859
1912.020421253084,1058.469787337456
1901.2447134850245,1060.6308737952047
1890.4617766849667,1062.8636740713073
1880.4897010699106,1064.0729447216545
1869.7290693544223,1066.3989601038625
1858.9338525038306,1068.4609914104722
1848.6783918591204,1070.4199220374137
1837.8795991324353,1072.4826363843508
1827.0612618537805,1074.549084003032
1816.7531475697847,1075.6693320489428
1805.8330387339665,1076.7927451981368
1795.9546841751055,1079.9369088914482
1785.1371232243866,1082.111469658236
1774.308887340053,1084.293483764883
1763.4837168749777,1086.4844159480847
1753.2176617928124,1088.5621874295227
1742.3940259425653,1090.752809018353
1732.1292368236655,1092.8303242784527
1721.316530074197,1095.0187339003949
1710.4997770375253,1097.2079624600972
1699.67893726246,1099.3980181445731
1688.848697852048,1101.5899762437648
1678.4821094388994,1102.8623215358405
1667.4590633628995,1102.8796625440375
1656.380682238585,1101.185501358067
1646.1180801702978,1098.0260071407656
1636.0108441529665,1093.5503652167392
1626.5852507615552,1087.7848090227499
1617.6692649344361,1081.2502263687732
1609.198767303307,1075.0421448437255
1600.2632008832165,1068.493211448769
1591.3590869853424,1061.967329807156
1582.8824703801154,1055.7547636471193
1573.9529389839802,1049.210253359559
1565.0313358360816,1042.7571240158584
1555.9528741671159,1036.5099853286742
1546.837901051624,1031.3934169979495
1537.9306168406124,1024.9426072755855
1529.4843467311966,1018.7628821267241
1521.0154998093115,1012.7026318864189
1512.0624728954278,1006.2930901919586
1503.0936676957217,999.7834343393613
1494.9395725357422,993.6200823360826
1486.2453256800763,986.9045177309976
1477.9660665976753,980.509495807521
1469.6839892019984,974.1122969772698
1461.404861885736,967.7173768319036
1452.692397027791,960.9877403729464
1444.4021280636562,954.5842142543044
1435.6795781325175,947.846787935949
1427.4187869985158,941.4660309284172
1419.1144480579678,935.1113732315057
1410.366971281549,928.4436279653305
1402.047166303706,922.1122262064293
1393.7160429622547,915.8024706175797
1385.3765044527172,909.5096577455785
1377.4664961561537,903.5454810863504
1369.1273029614192,897.2707394818896
1360.2780806466349,890.7139969004086
1351.8595708830753,884.4763864668765
1343.4506140916549,878.245854212305
1335.4820583829242,872.3416327259662
1327.0747674461322,866.1123347696853
1318.2432336746463,859.5686983370753
1310.2593366884707,853.653109884974
1301.8772075404283,847.4424553038792
1293.6280055803518,840.9296842410674
1285.3129810396804,834.6186152836153
1276.9155653120588,828.3934313959496
1267.2878664662367,823.0788112843683
1257.6250859150996,821.4802493358166
1246.8249651334418,823.3106039809927
1244.9898204028034,823.6883264396486
1244.9898204028034,823.6883264396486
1241.770802769345,824.3460595499989
1231.936743321439,826.4047805448469
1221.698077346906,828.572925179425
1211.4744402786673,830.7378872858666
1200.7087218104987,833.0176407998691
1191.0125839014281,835.070899440787
1180.7711687970004,837.1943160428589
1170.5119510729114,839.1936912421587
1160.8005235981677,841.2028218727493
1150.0203303740623,843.433062119774
1139.7682107047635,845.5540528505019
1129.516573581352,847.6749437506205
1122.2987736835255,849.1680009328676
1122.2987777621436,849.1680000035622
1122.2987777621436,849.1680000035622
1122.2987777621436,849.1680000035622
1122.2987777621436,849.1680000035622
1122.2987777621436,849.1680000035622
1122.2987777621436,849.1680000035622
1122.2987777621436,849.1680000035622
1120.1626349602627,849.2948503937365
1118.4122643483163,834.8056961030171
1126.7469515013884,816.8383565184419
1135.369209261537,798.9726762371686
1143.411009885544,782.1120253611616
1152.0375753384633,763.6551876479388
1158.2332332047988,749.7462538637666
1158.2332332047988,749.7462538637666
1158.2332332047988,749.7462538637666
1158.2332332047988,749.7462538637666
1158.2332332047988,749.7462538637666
1158.2332332047988,749.7462538637666
1158.2332332047988,749.7462538637666
1158.2332332047988,749.7462538637666
1158.2332332047988,749.7462538637666
1158.2332332047988,749.7462538637666
1158.2332332047988,749.7462538637666
1158.2332332047988,749.7462538637666
1158.2332332047988,749.7462538637666
1158.2332332047988,749.7462538637666
1158.2332332047988,749.7462538637666
1158.2332332047988,749.7462538637666
1158.2332332047988,749.7462538637666
1158.2332332047988,749.7462538637666
1158.2332332047988,749.7462538637666
1158.2332332047988,749.7462538637666
1158.2332332047988,749.7462538637666
1158.2332332047988,749.7462538637666
1158.2332332047988,749.7462538637666
1158.2332332047988,749.7462538637666
1158.2332332047988,749.7462538637666
1158.2332332047988,749.7462538637666
1158.2332332047988,749.7462538637666
1158.2332332047988,749.7462538637666
1158.2332332047988,749.7462538637666
1158.2332332047988,749.7462538637666
1158.2332332047988,749.7462538637666
1158.2332332047988,749.7462538637666
1158.2332332047988,749.7462538637666
1158.2332332047988,749.7462538637666
1158.2332332047988,749.7462538637666
1158.2332332047988,749.7462538637666
1158.2332332047988,749.7462538637666
1158.2332332047988,749.7462538637666
1158.2332332047988,749.7462538637666
1158.2332332047988,749.7462538637666
1158.2332332047988,749.7462538637666
1158.2332332047988,749.7462538637666
1158.2332332047988,749.7462538637666
1158.2332332047988,749.7462538637666
1158.2332332047988,749.7462538637666
1158.2332332047988,749.7462538637666
1158.2332332047988,749.7462538637666
1158.2332332047988,749.7462538637666
1158.2332332047988,749.7462538637666
1158.2332332047988,749.7462538637666
1158.2332332047988,749.7462538637666
1158.2332332047988,749.7462538637666
1158.2332332047988,749.7462538637666
