0,0
0,0
0,0
0,0
0,0
0,0
0,0
0,0
0,0
0,0
0,0
0,0
0,0
0,0
0,0
0,0
0,0
0,0
0,0
0,0
0,0
0,0
0,0
0,0
0,0
0,0
0,0
0,0
0,0
0,0
0,0
0,0
0,0
0,0
0,0
0,0
0,0
0,0
0,0
0,0
0,0
0,0
0,0
0,0
0,0
0,0
0,0
0,0
0,0
0,0
0,0
0,0
0,0
0,0
0,0
0,0
0,0
0,0
0,0
0,0
0,0
0,0
0,0
0,0
0,0
0,0
0,0
0,0
0,0
0,0
0,0
0,0
0,0
0,0
0,0
0,0
0,0
0,0
0,0
0,0
0,0
0,0
0,0
0,0
0,0
0,0
0,0
0,0
0,0
0,0
0,0
0,0
0,0
0,0
0,0
0,0
0,0
0,0
0,0
0,0
0,0
0,0
0,0
0,0
0,0
0,0
0,0
0,0
0,0
0,0
0,0
0,0
0,0
0,0
0,0
0,0
0,0
0,0
0,0
0,0
0,0
0,0
0,0
0,0
0,0
0,0
0,0
0,0
0,0
0,0
0,0
0,0
0,0
0,0
0,0
0,0
0,0
0,0
0,0
0,0
0,0
0,0
0,0
0,0
0,0
0,0
0,0
0,0
0,0
0,0
0,0
0,0
0,0
0,0
0,0
0,0
0,0
1658.227812210683,540.5504001212
1658.9396395466804,542.8967099707461
1660.0838124708807,546.6420499101459
1662.11323721954,549.528962638126
1664.6644212742608,552.0035557945891
1665.6894649785315,555.4620022017424
1666.7320709637181,558.8968850065293
1667.7765508366592,562.3379413657716
1668.7231621417166,565.4565680960566
1669.7678930063678,568.8984513516743
1670.8119135405766,572.3379944118038
1671.752665869096,575.4373186461801
1672.7978106624312,578.8805655967491
1673.8476846424128,582.3393929315898
1674.7966338776887,585.465722011967
1675.7433824586844,588.5848010001207
1676.7907349894522,592.0353213784776
1677.742443742628,595.1707417365946
1678.6866446857007,598.2814274891259
1679.63510019323,601.4061299752093
1680.584047934711,604.5324541342541
1681.5352167696497,607.6660957227353
1682.4874416864443,610.8032165905015
1682.355096415537,613.9205076250346
1681.3542878703918,616.7053078175369
1680.5328182386556,619.8686447342632
1680.6438355022933,623.450808839823
1681.3398412408712,626.6252991528662
1682.2170086709655,629.7764402532057
1683.018352684089,632.5931945850499
1684.0021542182792,636.0512939627482
1684.9210607262562,639.2246014958357
1686.4496120748106,642.4559482845028
1687.9033205013322,645.4518089613258
1688.9698560424308,648.6129503683846
1690.0457245396155,651.8017540452864
1691.873848380887,654.9646369486278
1694.2701652920364,657.2634917377635
1696.9168777265647,659.2726669124353
1699.900457514204,661.4789248792371
1702.651396185578,663.4445449096276
1705.4267010676256,665.4275752560906
1707.9276700928265,667.7424841595699
1710.502681160803,670.3746161110017
1712.785214218019,672.8231652393576
1715.11391034526,675.199501876258
1717.69279775747,677.2766053402432
1720.4416711623023,679.1428747842101
1722.6881082375526,680.6534621012505
1725.3879920097847,682.8088941735573
1727.6000912124746,685.021956514903
1729.737803387445,687.7018183810852
1731.6203130955932,690.5943900286172
1733.102016667574,693.3598367763224
1734.187096744212,696.2942673837986
1738.1198281695413,698.1798034691316
1738.837217046164,701.6625699278816
1739.2094848574318,705.1953154837912
1739.167824296655,708.7289533252629
1739.020129028296,712.0520968633406
1738.5399941799424,715.3081583440807
1737.3893983043847,718.400186195826
1736.1205920666566,721.1222181825796
1734.4202406444504,724.4657651128109
1732.592829597437,727.2376728069773
1730.7307027237985,729.9143651361
1728.9449796562965,732.6641393578251
1727.6891510822184,735.6584862974142
1726.7748247592433,738.8092535352531
1725.9448210246953,741.9761826651729
1725.0499881632563,745.1388630536383
1724.163302086182,748.2727496010975
1723.275533590851,751.4104618272283
1722.4689185945656,754.2613466569289
1721.5785526047093,757.4082394187194
1720.8625713791637,760.6190406708479
1720.2412880377137,763.8238182522789
1720.1416445038865,763.4892473366272
1721.2319429634642,764.5491154239933
1722.281741636999,767.6407156692492
1723.2257107396742,770.4206535591672
1724.2731642336973,773.5053473777567
1725.3279675638598,776.6116860657717
1726.3787394135925,779.7061522622312
1727.32707841299,782.4989592613596
1728.268994189296,785.2728502163118
1729.2116962061275,788.0490566070341
1730.1560014936651,790.829984543167
1731.2064681594652,793.9235519894717
1732.0418444864918,796.3836900355795
1732.8866435672205,799.1346002795144
1733.717426655147,801.9537099866172
1734.6416238028403,805.089803135602
1735.4719927525882,807.9075075409162
1736.2906469296372,810.7075619667609
1737.092279128575,813.5210619472613
1737.8980116524458,816.3489528967553
1738.7034771813142,819.175906770075
1739.5097518624907,822.0057005368105
1740.3130717553704,824.8251238408486
1741.0278901974527,827.333932338717
1741.9202588192456,830.4658912387468
1743.2700711996147,835.2033470331618
1744.7818306336412,840.5091907153281
1746.1682826487954,845.840250122853
1744.0162527939929,850.5396392462792
1738.9188194411804,852.6301069452932
1733.9522377206379,853.7534074418896
1728.4859495488893,854.7523663875423
1723.0368124041913,855.7481909993728
1717.5669359713252,856.7478056963198
1712.7397562974095,857.6299681740416
1707.291463137836,858.6256385483962
1701.837967944924,859.6222595893778
1696.673676136694,860.5660289878621
1691.5351865559164,861.5050830539084
1686.712078722963,862.386501406581
1681.5545696073455,863.3290312744646
1676.0845099503954,864.328679455438
1670.9740007244634,865.2626201383443
1666.151510850108,866.1439255596731
1660.6988961989196,867.1403856824953
1655.5630572815548,868.0789553423331
1650.7596978480992,868.9567646938478
1645.319881439912,869.950885949978
1640.5157495865617,870.8288364604913
1635.0472052874184,871.828207711272
1629.6182286098215,872.8203480169834
1624.154600235021,873.8188208872828
1619.3278285072352,874.7018568773061
1614.8363217227877,875.5303872550197
1610.030204185836,876.4081282262667
1605.5192854798825,877.2353779916727
1601.014151546359,878.7394159325688
1596.9966545538357,880.4614087789138
1595.7036917730652,880.704233496278
1595.7036917730652,880.704233496278
1595.7036917730652,880.704233496278
1595.7036917730652,880.704233496278
1595.7036917730652,880.704233496278
1595.7036917730652,880.704233496278
1595.7036917730652,880.704233496278
1595.7036917730652,880.704233496278
1595.7036917730652,880.704233496278
1595.7036917730652,880.704233496278
1595.7036917730652,880.704233496278
1595.7036917730652,880.704233496278
1595.7036917730652,880.704233496278
1595.7036917730652,880.704233496278
1595.7036917730652,880.704233496278
1595.7036917730652,880.704233496278
1595.7036917730652,880.704233496278
1595.7036917730652,880.704233496278
1595.7036917730652,880.704233496278
1595.7036917730652,880.704233496278
1595.7036917730652,880.704233496278
1595.7036917730652,880.704233496278
1595.7036917730652,880.704233496278
1595.7036917730652,880.704233496278
1595.7036917730652,880.704233496278
1595.7036917730652,880.704233496278
1595.7036917730652,880.704233496278
1595.7036917730652,880.704233496278
1595.7036917730652,880.704233496278
1595.7036917730652,880.704233496278
1595.7036917730652,880.704233496278
1595.7036917730652,880.704233496278
1595.7036917730652,880.704233496278
1595.7036917730652,880.704233496278
1595.7036917730652,880.704233496278
1595.7036917730652,880.704233496278
1595.7036917730652,880.704233496278
1595.7036917730652,880.704233496278
1595.7036917730652,880.704233496278
1595.7036917730652,880.704233496278
1595.7036917730652,880.704233496278
1595.7036917730652,880.704233496278
1595.7036917730652,880.704233496278
1595.7036917730652,880.704233496278
1595.7036917730652,880.704233496278
1595.7036917730652,880.704233496278
1595.7036917730652,880.704233496278
1595.7036917730652,880.704233496278
1595.7036917730652,880.704233496278
1595.7036917730652,880.704233496278
1595.7036917730652,880.704233496278
1595.7036917730652,880.704233496278
1595.7036917730652,880.704233496278
1595.7036917730652,880.704233496278
1595.7036917730652,880.704233496278
1595.7036917730652,880.704233496278
1595.7036917730652,880.704233496278
1595.7036917730652,880.704233496278
1595.7036917730652,880.704233496278
1595.7036917730652,880.704233496278
1595.7036917730652,880.704233496278
1595.7036917730652,880.704233496278
1595.7036917730652,880.704233496278
1595.7036917730652,880.704233496278
1595.7036917730652,880.704233496278
1595.7036917730652,880.704233496278
1595.7036917730652,880.704233496278
1595.7036917730652,880.704233496278
1595.7036917730652,880.704233496278
1595.7036917730652,880.704233496278
1595.7036917730652,880.704233496278
1595.7036917730652,880.704233496278
1595.7036917730652,880.704233496278
1595.7036917730652,880.704233496278
1595.7036917730652,880.704233496278
1595.7036917730652,880.704233496278
1595.7036917730652,880.704233496278
1595.7036917730652,880.704233496278
1595.7036917730652,880.704233496278
1595.7036917730652,880.704233496278
1595.7036917730652,880.704233496278
1595.7036917730652,880.704233496278
1595.7036917730652,880.704233496278
1595.7036917730652,880.704233496278
1595.7036917730652,880.704233496278
1595.7036917730652,880.704233496278
1595.7036917730652,880.704233496278
1595.7036917730652,880.704233496278
1595.7036917730652,880.704233496278
1595.7036917730652,880.704233496278
1595.7036917730652,880.704233496278
1595.7036917730652,880.704233496278
1595.7036917730652,880.704233496278
1595.7036917730652,880.704233496278
1595.7036917730652,880.704233496278
1595.7036917730652,880.704233496278
1595.7036917730652,880.704233496278
1595.7036917730652,880.704233496278
1595.7036917730652,880.704233496278
1595.7036917730652,880.704233496278
1595.7036917730652,880.704233496278
1595.7036917730652,880.704233496278
1595.7036917730652,880.704233496278
1595.7036917730652,880.704233496278
1595.7036917730652,880.704233496278
1595.7036917730652,880.704233496278
1595.7036917730652,880.704233496278
1595.7036917730652,880.704233496278
1595.7036917730652,880.704233496278
1595.7036917730652,880.704233496278
1595.7036917730652,880.704233496278
1595.7036917730652,880.704233496278
1595.7036917730652,880.704233496278
1595.7036917730652,880.704233496278
1595.7036917730652,880.704233496278
1595.7036917730652,880.704233496278
1595.7036917730652,880.704233496278
1595.7036917730652,880.704233496278
1595.7036917730652,880.704233496278
1595.7036917730652,880.704233496278
1595.7036917730652,880.704233496278
1595.7036917730652,880.704233496278
1595.7036917730652,880.704233496278
1595.7036917730652,880.704233496278
1595.7036917730652,880.704233496278
1595.7036917730652,880.704233496278
1595.7036917730652,880.704233496278
1595.7036917730652,880.704233496278
1595.7036917730652,880.704233496278
1595.7036917730652,880.704233496278
1595.7036917730652,880.704233496278
1595.7036917730652,880.704233496278
1595.7036917730652,880.704233496278
1595.7036917730652,880.704233496278
1595.7036917730652,880.704233496278
1595.7036917730652,880.704233496278
1595.7036917730652,880.704233496278
1595.7036917730652,880.704233496278
1595.7036917730652,880.704233496278
1595.7036917730652,880.704233496278
1595.7036917730652,880.704233496278
1595.7036917730652,880.704233496278
1595.7036917730652,880.704233496278
1595.7036917730652,880.704233496278
1595.7036917730652,880.704233496278
1595.7036917730652,880.704233496278
1595.7036917730652,880.704233496278
1595.7036917730652,880.704233496278
1595.7036917730652,880.704233496278
1595.7036917730652,880.704233496278
1595.7036917730652,880.704233496278
1595.7036917730652,880.704233496278
1595.7036917730652,880.704233496278
1595.7036917730652,880.704233496278
1595.7036917730652,880.704233496278
1595.7036917730652,880.704233496278
1595.7036917730652,880.704233496278
1595.7036917730652,880.704233496278
1595.7036917730652,880.704233496278
1595.7036917730652,880.704233496278
1595.7036917730652,880.704233496278
1595.7036917730652,880.704233496278
1595.7036917730652,880.704233496278
1595.7036917730652,880.704233496278
1595.7036917730652,880.704233496278
1595.7036917730652,880.704233496278
1595.7036917730652,880.704233496278
1595.7036917730652,880.704233496278
1595.7036917730652,880.704233496278
1595.7036917730652,880.704233496278
1595.7036917730652,880.704233496278
1595.7036917730652,880.704233496278
1595.7036917730652,880.704233496278
1595.7036917730652,880.704233496278
1595.7036917730652,880.704233496278
1595.7036917730652,880.704233496278
1595.7036917730652,880.704233496278
1595.7036917730652,880.704233496278
1595.7036917730652,880.704233496278
1595.7036917730652,880.704233496278
1595.7036917730652,880.704233496278
1595.7036917730652,880.704233496278
1595.7036917730652,880.704233496278
1595.7036917730652,880.704233496278
1595.7036917730652,880.704233496278
1595.7036917730652,880.704233496278
1595.7036917730652,880.704233496278
1595.7036917730652,880.704233496278
1595.7036917730652,880.704233496278
1595.7036917730652,880.704233496278
1595.7036917730652,880.704233496278
1595.7036917730652,880.704233496278
1595.7036917730652,880.704233496278
1595.7036917730652,880.704233496278
1595.7036917730652,880.704233496278
1595.7036917730652,880.704233496278
1595.7036917730652,880.704233496278
1595.7036917730652,880.704233496278
1595.7036917730652,880.704233496278
1595.7036917730652,880.704233496278
1595.7036917730652,880.704233496278
1595.7036917730652,880.704233496278
1595.7036917730652,880.704233496278
1595.7036917730652,880.704233496278
1595.7036917730652,880.704233496278
1595.7036917730652,880.704233496278
1595.7036917730652,880.704233496278
1595.7036917730652,880.704233496278
1595.7036917730652,880.704233496278
1595.7036917730652,880.704233496278
1595.7036917730652,880.704233496278
1595.7036917730652,880.704233496278
1595.7036917730652,880.704233496278
1595.7036917730652,880.704233496278
1595.7036917730652,880.704233496278
1595.7036917730652,880.704233496278
1595.7036917730652,880.704233496278
1595.7036917730652,880.704233496278
1595.7036917730652,880.704233496278
1595.7036917730652,880.704233496278
1595.7036917730652,880.704233496278
1595.7036917730652,880.704233496278
1595.7036917730652,880.704233496278
1595.7036917730652,880.704233496278
1595.7036917730652,880.704233496278
1595.7036917730652,880.704233496278
1595.7036917730652,880.704233496278
1595.7036917730652,880.704233496278
1595.7036917730652,880.704233496278
1595.7036917730652,880.704233496278
1595.7036917730652,880.704233496278
1595.7036917730652,880.704233496278
1595.7036917730652,880.704233496278
1595.7036917730652,880.704233496278
1595.7036917730652,880.704233496278
1595.7036917730652,880.704233496278
1595.7036917730652,880.704233496278
1595.7036917730652,880.704233496278
1595.7036917730652,880.704233496278
1595.7036917730652,880.704233496278
1595.7036917730652,880.704233496278
1595.7036917730652,880.704233496278
1595.7036917730652,880.704233496278
1595.7036917730652,880.704233496278
1595.7036917730652,880.704233496278
1595.7036917730652,880.704233496278
1595.7036917730652,880.704233496278
1595.7036917730652,880.704233496278
1595.7036917730652,880.704233496278
1595.7036917730652,880.704233496278
1595.7036917730652,880.704233496278
1595.7036917730652,880.704233496278
1595.7036917730652,880.704233496278
1595.7036917730652,880.704233496278
1595.7036917730652,880.704233496278
1595.7036917730652,880.704233496278
1595.7036917730652,880.704233496278
1595.7036917730652,880.704233496278
1595.7036917730652,880.704233496278
1595.7036917730652,880.704233496278
1595.7036917730652,880.704233496278
1595.7036917730652,880.704233496278
1595.7036917730652,880.704233496278
1595.7036917730652,880.704233496278
1595.7036917730652,880.704233496278
1595.7036917730652,880.704233496278
1595.7036917730652,880.704233496278
1595.7036917730652,880.704233496278
1595.7036917730652,880.704233496278
1595.7036917730652,880.704233496278
1595.7036917730652,880.704233496278
1595.7036917730652,880.704233496278
1595.7036917730652,880.704233496278
1595.7036917730652,880.704233496278
1595.7036917730652,880.704233496278
1595.7036917730652,880.704233496278
1595.7036917730652,880.704233496278
1595.7036917730652,880.704233496278
1595.7036917730652,880.704233496278
1595.7036917730652,880.704233496278
1595.7036917730652,880.704233496278
1595.7036917730652,880.704233496278
1595.7036917730652,880.704233496278
1595.7036917730652,880.704233496278
1595.7036917730652,880.704233496278
1595.7036917730652,880.704233496278
1595.7036917730652,880.704233496278
1595.7036917730652,880.704233496278
1595.7036917730652,880.704233496278
1595.7036917730652,880.704233496278
1595.7036917730652,880.704233496278
1595.7036917730652,880.704233496278
1595.7036917730652,880.704233496278
1595.7036917730652,880.704233496278
1595.7036917730652,880.704233496278
1595.7036917730652,880.704233496278
1595.7036917730652,880.704233496278
1595.7036917730652,880.704233496278
1595.7036917730652,880.704233496278
1595.7036917730652,880.704233496278
1595.7036917730652,880.704233496278
1595.7036917730652,880.704233496278
1595.7036917730652,880.704233496278
1595.7036917730652,880.704233496278
1595.7036917730652,880.704233496278
1595.7036917730652,880.704233496278
1595.7036917730652,880.704233496278
1595.7036917730652,880.704233496278
1595.7036917730652,880.704233496278
1595.7036917730652,880.704233496278
1595.7036917730652,880.704233496278
1595.7036917730652,880.704233496278
1595.7036917730652,880.704233496278
1595.7036917730652,880.704233496278
1595.7036917730652,880.704233496278
1595.7036917730652,880.704233496278
1595.7036917730652,880.704233496278
1595.7036917730652,880.704233496278
1595.7036917730652,880.704233496278
1595.7036917730652,880.704233496278
1595.7036917730652,880.704233496278
1595.7036917730652,880.704233496278
1595.7036917730652,880.704233496278
1595.7036917730652,880.704233496278
1595.7036917730652,880.704233496278
1595.7036917730652,880.704233496278
1595.7036917730652,880.704233496278
1595.7036917730652,880.704233496278
1595.7036917730652,880.704233496278
1595.7036917730652,880.704233496278
1595.7036917730652,880.704233496278
1595.7036917730652,880.704233496278
1595.7036917730652,880.704233496278
1595.7036917730652,880.704233496278
1595.7036917730652,880.704233496278
1595.7036917730652,880.704233496278
1595.7036917730652,880.704233496278
1595.7036917730652,880.704233496278
1595.7036917730652,880.704233496278
1595.7036917730652,880.704233496278
1595.7036917730652,880.704233496278
1595.7036917730652,880.704233496278
1595.7036917730652,880.704233496278
1595.7036917730652,880.704233496278
1595.7036917730652,880.704233496278
1595.7036917730652,880.704233496278
1595.7036917730652,880.704233496278
1595.7036917730652,880.704233496278
1595.7036917730652,880.704233496278
1595.7036917730652,880.704233496278
1595.7036917730652,880.704233496278
1595.7036917730652,880.704233496278
1595.7036917730652,880.704233496278
1595.7036917730652,880.704233496278
1595.7036917730652,880.704233496278
1595.7036917730652,880.704233496278
1595.7036917730652,880.704233496278
1595.7036917730652,880.704233496278
1595.7036917730652,880.704233496278
1595.7036917730652,880.704233496278
1595.7036917730652,880.704233496278
1595.7036917730652,880.704233496278
1595.7036917730652,880.704233496278
1595.7036917730652,880.704233496278
1595.7036917730652,880.704233496278
1595.7036917730652,880.704233496278
1595.7036917730652,880.704233496278
1595.7036917730652,880.704233496278
1595.7036917730652,880.704233496278
1595.7036917730652,880.704233496278
1595.7036917730652,880.704233496278
1595.7036917730652,880.704233496278
1595.7036917730652,880.704233496278
1595.7036917730652,880.704233496278
1595.7036917730652,880.704233496278
1595.7036917730652,880.704233496278
1595.7036917730652,880.704233496278
1595.7036917730652,880.704233496278
1595.7036917730652,880.704233496278
1595.7036917730652,880.704233496278
1595.7036917730652,880.704233496278
1595.7036917730652,880.704233496278
1595.7036917730652,880.704233496278
1595.7036917730652,880.704233496278
1595.7036917730652,880.704233496278
1595.7036917730652,880.704233496278
1595.7036917730652,880.704233496278
1595.7036917730652,880.704233496278
1595.7036917730652,880.704233496278
1595.7036917730652,880.704233496278
1595.7036917730652,880.704233496278
1595.7036917730652,880.704233496278
1595.7036917730652,880.704233496278
1595.7036917730652,880.704233496278
1595.7036917730652,880.704233496278
1595.7036917730652,880.704233496278
1595.7036917730652,880.704233496278
1595.7036917730652,880.704233496278
1595.7036917730652,880.704233496278
1595.7036917730652,880.704233496278
1595.7036917730652,880.704233496278
1595.7036917730652,880.704233496278
1595.7036917730652,880.704233496278
1595.7036917730652,880.704233496278
1595.7036917730652,880.704233496278
1595.7036917730652,880.704233496278
1595.7036917730652,880.704233496278
1595.7036917730652,880.704233496278
1595.7036917730652,880.704233496278
1595.7036917730652,880.704233496278
1595.7036917730652,880.704233496278
1595.7036917730652,880.704233496278
1595.7036917730652,880.704233496278
1595.7036917730652,880.704233496278
1595.7036917730652,880.704233496278
1595.7036917730652,880.704233496278
1595.7036917730652,880.704233496278
1595.7036917730652,880.704233496278
1595.7036917730652,880.704233496278
1595.7036917730652,880.704233496278
1595.7036917730652,880.704233496278
1595.7036917730652,880.704233496278
1595.7036917730652,880.704233496278
1595.7036917730652,880.704233496278
1595.7036917730652,880.704233496278
1595.7036917730652,880.704233496278
1595.7036917730652,880.704233496278
1595.7036917730652,880.704233496278
1595.7036917730652,880.704233496278
1595.7036917730652,880.704233496278
1595.7036917730652,880.704233496278
1595.7036917730652,880.704233496278
1595.7036917730652,880.704233496278
1595.7036917730652,880.704233496278
1595.7036917730652,880.704233496278
1595.7036917730652,880.704233496278
1595.7036917730652,880.704233496278
1595.7036917730652,880.704233496278
1595.7036917730652,880.704233496278
1595.7036917730652,880.704233496278
1595.7036917730652,880.704233496278
1595.7036917730652,880.704233496278
1595.7036917730652,880.704233496278
1595.7036917730652,880.704233496278
1595.7036917730652,880.704233496278
1595.7036917730652,880.704233496278
1595.7036917730652,880.704233496278
1595.7036917730652,880.704233496278
1595.7036917730652,880.704233496278
1595.7036917730652,880.704233496278
1595.7036917730652,880.704233496278
1595.7036917730652,880.704233496278
1595.7036917730652,880.704233496278
1595.7036917730652,880.704233496278
1595.7036917730652,880.704233496278
1595.7036917730652,880.704233496278
1595.7036917730652,880.704233496278
1595.7036917730652,880.704233496278
1595.7036917730652,880.704233496278
1595.7036917730652,880.704233496278
1595.7036917730652,880.704233496278
1595.7036917730652,880.704233496278
1595.7036917730652,880.704233496278
1595.7036917730652,880.704233496278
1595.7036917730652,880.704233496278
1595.7036917730652,880.704233496278
1595.7036917730652,880.704233496278
1595.7036917730652,880.704233496278
1595.7036917730652,880.704233496278
1595.7036917730652,880.704233496278
1595.7036917730652,880.704233496278
1595.7036917730652,880.704233496278
1595.7036917730652,880.704233496278
1595.7036917730652,880.704233496278
1595.7036917730652,880.704233496278
1595.7036917730652,880.704233496278
1595.7036917730652,880.704233496278
1595.7036917730652,880.704233496278
1595.7036917730652,880.704233496278
1595.7036917730652,880.704233496278
1595.7036917730652,880.704233496278
1595.7036917730652,880.704233496278
1595.7036917730652,880.704233496278
1595.7036917730652,880.704233496278
1595.7036917730652,880.704233496278
1595.7036917730652,880.704233496278
1595.7036917730652,880.704233496278
1595.7036917730652,880.704233496278
1595.7036917730652,880.704233496278
1595.7036917730652,880.704233496278
1595.7036917730652,880.704233496278
1595.7036917730652,880.704233496278
1595.7036917730652,880.704233496278
1595.7036917730652,880.704233496278
1595.7036917730652,880.704233496278
1595.7036917730652,880.704233496278
1595.7036917730652,880.704233496278
1595.7036917730652,880.704233496278
1595.7036917730652,880.704233496278
1595.7036917730652,880.704233496278
1595.7036917730652,880.704233496278
1595.7036917730652,880.704233496278
1595.7036917730652,880.704233496278
1595.7036917730652,880.704233496278
1595.7036917730652,880.704233496278
1595.7036917730652,880.704233496278
1595.7036917730652,880.704233496278
1595.7036917730652,880.704233496278
1595.7036917730652,880.704233496278
1595.7036917730652,880.704233496278
1595.7036917730652,880.704233496278
1595.7036917730652,880.704233496278
1595.7036917730652,880.704233496278
1595.7036917730652,880.704233496278
1595.7036917730652,880.704233496278
1595.7036917730652,880.704233496278
1595.7036917730652,880.704233496278
1595.7036917730652,880.704233496278
1595.7036917730652,880.704233496278
1595.7036917730652,880.704233496278
1595.7036917730652,880.704233496278
1595.7036917730652,880.704233496278
1595.7036917730652,880.704233496278
1595.7036917730652,880.704233496278
1595.7036917730652,880.704233496278
1595.7036917730652,880.704233496278
1595.7036917730652,880.704233496278
1595.7036917730652,880.704233496278
1595.7036917730652,880.704233496278
1595.7036917730652,880.704233496278
1595.7036917730652,880.704233496278
1595.7036917730652,880.704233496278
1595.7036917730652,880.704233496278
1595.7036917730652,880.704233496278
1595.7036917730652,880.704233496278
1595.7036917730652,880.704233496278
1595.7036917730652,880.704233496278
1595.7036917730652,880.704233496278
1595.7036917730652,880.704233496278
1595.7036917730652,880.704233496278
1595.7036917730652,880.704233496278
1595.7036917730652,880.704233496278
1595.7036917730652,880.704233496278
1595.7036917730652,880.704233496278
1595.7036917730652,880.704233496278
1595.7036917730652,880.704233496278
1595.7036917730652,880.704233496278
1595.7036917730652,880.704233496278
1595.7036917730652,880.704233496278
1595.7036917730652,880.704233496278
1595.7036917730652,880.704233496278
1595.7036917730652,880.704233496278
1595.7036917730652,880.704233496278
1595.7036917730652,880.704233496278
1595.7036917730652,880.704233496278
1595.7036917730652,880.704233496278
1595.7036917730652,880.704233496278
1595.7036917730652,880.704233496278
1595.7036917730652,880.704233496278
1595.7036917730652,880.704233496278
1595.7036917730652,880.704233496278
1595.7036917730652,880.704233496278
1595.7036917730652,880.704233496278
1595.7036917730652,880.704233496278
1595.7036917730652,880.704233496278
1595.7036917730652,880.704233496278
1595.7036917730652,880.704233496278
1595.7036917730652,880.704233496278
1595.7036917730652,880.704233496278
1595.7036917730652,880.704233496278
1595.7036917730652,880.704233496278
1595.7036917730652,880.704233496278
1595.7036917730652,880.704233496278
1595.7036917730652,880.704233496278
1595.7036917730652,880.704233496278
1595.7036917730652,880.704233496278
1595.7036917730652,880.704233496278
1595.7036917730652,880.704233496278
1595.7036917730652,880.704233496278
1595.7036917730652,880.704233496278
1595.7036917730652,880.704233496278
1595.7036917730652,880.704233496278
1595.7036917730652,880.704233496278
1595.7036917730652,880.704233496278
1595.7036917730652,880.704233496278
1595.7036917730652,880.704233496278
1595.7036917730652,880.704233496278
1595.7036917730652,880.704233496278
1595.7036917730652,880.704233496278
1595.7036917730652,880.704233496278
1595.7036917730652,880.704233496278
1595.7036917730652,880.704233496278
1595.7036917730652,880.704233496278
1595.7036917730652,880.704233496278
1595.7036917730652,880.704233496278
1595.7036917730652,880.704233496278
1595.7036917730652,880.704233496278
1595.7036917730652,880.704233496278
1595.7036917730652,880.704233496278
1595.7036917730652,880.704233496278
1595.7036917730652,880.704233496278
1595.7036917730652,880.704233496278
1595.7036917730652,880.704233496278
1595.7036917730652,880.704233496278
1595.7036917730652,880.704233496278
1595.7036917730652,880.704233496278
1595.7036917730652,880.704233496278
1595.7036917730652,880.704233496278
1595.7036917730652,880.704233496278
1595.7036917730652,880.704233496278
1595.7036917730652,880.704233496278
1595.7036917730652,880.704233496278
1595.7036917730652,880.704233496278
1595.7036917730652,880.704233496278
1595.7036917730652,880.704233496278
1595.7036917730652,880.704233496278
1595.7036917730652,880.704233496278
1595.7036917730652,880.704233496278
1595.7036917730652,880.704233496278
1595.7036917730652,880.704233496278
1595.7036917730652,880.704233496278
1595.7036917730652,880.704233496278
1595.7036917730652,880.704233496278
1595.7036917730652,880.704233496278
1595.7036917730652,880.704233496278
1595.7036917730652,880.704233496278
1595.7036917730652,880.704233496278
1595.7036917730652,880.704233496278
1595.7036917730652,880.704233496278
1595.7036917730652,880.704233496278
1595.7036917730652,880.704233496278
1595.7036917730652,880.704233496278
1595.7036917730652,880.704233496278
1595.7036917730652,880.704233496278
1595.7036917730652,880.704233496278
1595.7036917730652,880.704233496278
